#
#  Stripped version of finals.daily.orig file
#
#
#          Bull A     Bull A      Bull A      Bull B      Bull B      Bull B
#  MJD     PM-x       PM-y        UT1-UTC     PM-x        PM-y        UT1-UTC
#
53403.00   0.089198   0.207773  -0.5218861    0.089220    0.207360   -0.5219040
53404.00   0.086551   0.206870  -0.5224171    0.086670    0.206850   -0.5224260
53405.00   0.083583   0.206138  -0.5227683    0.083920    0.206040   -0.5227550
53406.00   0.081544   0.205866  -0.5229579    0.081570    0.205850   -0.5229780
53407.00   0.078824   0.205838  -0.5231935    0.078920    0.205580   -0.5231160
53408.00   0.076009   0.205787  -0.5235614    0.076100    0.205770   -0.5237140
53409.00   0.073081   0.205511  -0.5240823    0.073150    0.205280   -0.5240730
53410.00   0.069881   0.205007  -0.5249001    0.070030    0.205020   -0.5248950
53411.00   0.066804   0.204321  -0.5260474    0.066860    0.204090   -0.5260380
53412.00   0.064032   0.203564  -0.5274687    0.064120    0.203610   -0.5274600
53413.00   0.061534   0.203227  -0.5290349    0.061670    0.203150   -0.5290210
53414.00   0.059261   0.203103  -0.5305665    0.059180    0.202910   -0.5305800
53415.00   0.057167   0.203188  -0.5319092    0.057480    0.203020   -0.5318810
53416.00   0.054644   0.203355  -0.5329893    0.054560    0.203270   -0.5329820
53417.00   0.051723   0.203158  -0.5337631    0.052100    0.202990   -0.5337520
53418.00   0.048514   0.202982  -0.5342942    0.048250    0.202830   -0.5342930
53419.00   0.045299   0.203112  -0.5347071    0.045910    0.203060   -0.5347030
53420.00   0.042672   0.203749  -0.5351354    0.042380    0.203710   -0.5351220
53421.00   0.040104   0.204528  -0.5356628    0.040510    0.204360   -0.5356850
53422.00   0.037711   0.205249  -0.5363046    0.037570    0.205130   -0.5362980
53423.00   0.035491   0.205831  -0.5371187    0.035710    0.205590   -0.5371080
53424.00   0.033293   0.206107  -0.5381067    0.033200    0.206030   -0.5380940
53425.00   0.031547   0.206232  -0.5393036    0.031760    0.205990   -0.5392940
53426.00   0.030088   0.206585  -0.5407214    0.030330    0.206570   -0.5407130
53427.00   0.029197   0.207542  -0.5423144    0.029430    0.207400   -0.5422950
53428.00   0.027670   0.208625  -0.5440523    0.027720    0.208530   -0.5440730
53429.00   0.025817   0.209840  -0.5457450    0.025890    0.209650   -0.5457110
53430.00   0.024127   0.211329  -0.5473574    0.024110    0.211090   -0.5473360
53431.00   0.021777   0.212859  -0.5488360    0.021880    0.212750   -0.5488330
53432.00   0.019378   0.214130  -0.5501178    0.019440    0.213970   -0.5500970
53433.00   0.016950   0.214888  -0.5512259    0.017160    0.214930   -0.5512200
53434.00   0.015134   0.215851  -0.5522278    0.015180    0.215700   -0.5522110
53435.00   0.012738   0.216531  -0.5531713    0.000000    0.000000    0.0000000
53436.00   0.010558   0.217070  -0.5541355    0.000000    0.000000    0.0000000
53437.00   0.008806   0.217765  -0.5552417    0.000000    0.000000    0.0000000
53438.00   0.006758   0.218630  -0.5565094    0.000000    0.000000    0.0000000
53439.00   0.004646   0.219469  -0.5578989    0.000000    0.000000    0.0000000
53440.00   0.002116   0.220380  -0.5593918    0.000000    0.000000    0.0000000
53441.00   0.000386   0.221223  -0.5609127    0.000000    0.000000    0.0000000
53442.00  -0.001411   0.221965  -0.5622917    0.000000    0.000000    0.0000000
53443.00  -0.002676   0.222526  -0.5634066    0.000000    0.000000    0.0000000
53444.00  -0.003697   0.223202  -0.5641684    0.000000    0.000000    0.0000000
53445.00  -0.005587   0.223370  -0.5645880    0.000000    0.000000    0.0000000
53446.00  -0.006897   0.223602  -0.5647672    0.000000    0.000000    0.0000000
53447.00  -0.008129   0.223964  -0.5648197    0.000000    0.000000    0.0000000
53448.00  -0.009000   0.224770  -0.5648551    0.000000    0.000000    0.0000000
53449.00  -0.009853   0.225788  -0.5649488    0.000000    0.000000    0.0000000
53450.00  -0.010752   0.226865  -0.5651214    0.000000    0.000000    0.0000000
53451.00  -0.011836   0.228183  -0.5654543    0.000000    0.000000    0.0000000
53452.00  -0.013357   0.230115  -0.5660328    0.000000    0.000000    0.0000000
53453.00  -0.015359   0.231733  -0.5668880    0.000000    0.000000    0.0000000
53454.00  -0.016630   0.233036  -0.5679461    0.000000    0.000000    0.0000000
53455.00  -0.017847   0.234493  -0.5691352    0.000000    0.000000    0.0000000
53456.00  -0.019260   0.236179  -0.5703273    0.000000    0.000000    0.0000000
53457.00  -0.020917   0.237826  -0.5714205    0.000000    0.000000    0.0000000
53458.00  -0.022446   0.239266  -0.5723283    0.000000    0.000000    0.0000000
53459.00  -0.024822   0.240180  -0.5729862    0.000000    0.000000    0.0000000
53460.00  -0.026796   0.241256  -0.5733634    0.000000    0.000000    0.0000000
53461.00  -0.028996   0.242469  -0.5735448    0.000000    0.000000    0.0000000
53462.00  -0.030749   0.243908  -0.5736219    0.000000    0.000000    0.0000000
53463.00  -0.032355   0.244910  -0.5738480    0.000000    0.000000    0.0000000
53464.00  -0.033549   0.245574  -0.5743129    0.000000    0.000000    0.0000000
53465.00  -0.034314   0.245993  -0.5750873    0.000000    0.000000    0.0000000
53466.00  -0.035092   0.246518  -0.5760683    0.000000    0.000000    0.0000000
53467.00  -0.035603   0.247955  -0.5772363    0.000000    0.000000    0.0000000
53468.00  -0.036716   0.250081  -0.5785305    0.000000    0.000000    0.0000000
53469.00  -0.038502   0.252221  -0.5797696    0.000000    0.000000    0.0000000
53470.00  -0.040638   0.253880  -0.5808118    0.000000    0.000000    0.0000000
53471.00  -0.042584   0.255277  -0.5815764    0.000000    0.000000    0.0000000
53472.00  -0.044043   0.256694  -0.5820791    0.000000    0.000000    0.0000000
53473.00  -0.045469   0.258542  -0.5823466    0.000000    0.000000    0.0000000
53474.00  -0.046115   0.260366  -0.5825923    0.000000    0.000000    0.0000000
53475.00  -0.046845   0.262272  -0.5828567    0.000000    0.000000    0.0000000
53476.00  -0.047872   0.264710  -0.5831790    0.000000    0.000000    0.0000000
53477.00  -0.049363   0.267066  -0.5836570    0.000000    0.000000    0.0000000
53478.00  -0.050998   0.269275  -0.5842978    0.000000    0.000000    0.0000000
53479.00  -0.052488   0.271589  -0.5851290    0.000000    0.000000    0.0000000
53480.00  -0.053852   0.273907  -0.5861727    0.000000    0.000000    0.0000000
53481.00  -0.054932   0.276138  -0.5874000    0.000000    0.000000    0.0000000
53482.00  -0.055785   0.278356  -0.5887508    0.000000    0.000000    0.0000000
53483.00  -0.056771   0.280694  -0.5901790    0.000000    0.000000    0.0000000
53484.00  -0.057675   0.283027  -0.5916199    0.000000    0.000000    0.0000000
53485.00  -0.058387   0.284998  -0.5929329    0.000000    0.000000    0.0000000
53486.00  -0.058807   0.286670  -0.5940239    0.000000    0.000000    0.0000000
53487.00  -0.058834   0.288337  -0.5948463    0.000000    0.000000    0.0000000
53488.00  -0.058468   0.290172  -0.5954614    0.000000    0.000000    0.0000000
53489.00  -0.057836   0.292253  -0.5959457    0.000000    0.000000    0.0000000
53490.00  -0.057279   0.294632  -0.5964394    0.000000    0.000000    0.0000000
53491.00  -0.057256   0.297300  -0.5970769    0.000000    0.000000    0.0000000
53492.00  -0.057639   0.299933  -0.5980051    0.000000    0.000000    0.0000000
53493.00  -0.058151   0.302373  -0.5992687    0.000000    0.000000    0.0000000
53494.00  -0.058700   0.304712  -0.6007248    0.000000    0.000000    0.0000000
53495.00  -0.059272   0.306960  -0.6022420    0.000000    0.000000    0.0000000
53496.00  -0.059856   0.309127  -0.6037093    0.000000    0.000000    0.0000000
53497.00  -0.060443   0.311221  -0.6050339    0.000000    0.000000    0.0000000
53498.00  -0.061026   0.313251  -0.6061046    0.000000    0.000000    0.0000000
53499.00  -0.061597   0.315222  -0.6069056    0.000000    0.000000    0.0000000
53500.00  -0.062154   0.317143  -0.6074547    0.000000    0.000000    0.0000000
53501.00  -0.062691   0.319018  -0.6077615    0.000000    0.000000    0.0000000
53502.00  -0.063205   0.320852  -0.6079384    0.000000    0.000000    0.0000000
53503.00  -0.063695   0.322650  -0.6080889    0.000000    0.000000    0.0000000
53504.00  -0.064157   0.324417  -0.6082912    0.000000    0.000000    0.0000000
53505.00  -0.064591   0.326156  -0.6085899    0.000000    0.000000    0.0000000
53506.00  -0.064995   0.327871  -0.6090260    0.000000    0.000000    0.0000000
53507.00  -0.065369   0.329564  -0.6096200    0.000000    0.000000    0.0000000
53508.00  -0.065711   0.331238  -0.6103620    0.000000    0.000000    0.0000000
53509.00  -0.066022   0.332895  -0.6112057    0.000000    0.000000    0.0000000
53510.00  -0.066301   0.334538  -0.6120710    0.000000    0.000000    0.0000000
53511.00  -0.066547   0.336169  -0.6128774    0.000000    0.000000    0.0000000
53512.00  -0.066762   0.337788  -0.6135321    0.000000    0.000000    0.0000000
53513.00  -0.066944   0.339398  -0.6139426    0.000000    0.000000    0.0000000
53514.00  -0.067094   0.340999  -0.6140704    0.000000    0.000000    0.0000000
53515.00  -0.067212   0.342593  -0.6139338    0.000000    0.000000    0.0000000
53516.00  -0.067298   0.344181  -0.6136271    0.000000    0.000000    0.0000000
53517.00  -0.067353   0.345763  -0.6132988    0.000000    0.000000    0.0000000
53518.00  -0.067376   0.347339  -0.6130910    0.000000    0.000000    0.0000000
53519.00  -0.067368   0.348912  -0.6130983    0.000000    0.000000    0.0000000
53520.00  -0.067329   0.350480  -0.6133377    0.000000    0.000000    0.0000000
53521.00  -0.067259   0.352045  -0.6137530    0.000000    0.000000    0.0000000
53522.00  -0.067158   0.353606  -0.6142476    0.000000    0.000000    0.0000000
53523.00  -0.067028   0.355164  -0.6147019    0.000000    0.000000    0.0000000
53524.00  -0.066867   0.356719  -0.6150115    0.000000    0.000000    0.0000000
53525.00  -0.066677   0.358271  -0.6151081    0.000000    0.000000    0.0000000
53526.00  -0.066458   0.359820  -0.6149565    0.000000    0.000000    0.0000000
53527.00  -0.066209   0.361365  -0.6145663    0.000000    0.000000    0.0000000
53528.00  -0.065932   0.362908  -0.6139974    0.000000    0.000000    0.0000000
53529.00  -0.065626   0.364447  -0.6133312    0.000000    0.000000    0.0000000
53530.00  -0.065291   0.365983  -0.6126499    0.000000    0.000000    0.0000000
53531.00  -0.064929   0.367516  -0.6120298    0.000000    0.000000    0.0000000
53532.00  -0.064539   0.369045  -0.6115355    0.000000    0.000000    0.0000000
53533.00  -0.064122   0.370569  -0.6112118    0.000000    0.000000    0.0000000
53534.00  -0.063678   0.372090  -0.6110774    0.000000    0.000000    0.0000000
53535.00  -0.063206   0.373606  -0.6111281    0.000000    0.000000    0.0000000
53536.00  -0.062731   0.375118  -0.6113333    0.000000    0.000000    0.0000000
53537.00  -0.062204   0.376624  -0.6116363    0.000000    0.000000    0.0000000
53538.00  -0.061652   0.378126  -0.6119672    0.000000    0.000000    0.0000000
53539.00  -0.061075   0.379621  -0.6122419    0.000000    0.000000    0.0000000
53540.00  -0.060472   0.381111  -0.6123670    0.000000    0.000000    0.0000000
53541.00  -0.059845   0.382595  -0.6122687    0.000000    0.000000    0.0000000
53542.00  -0.059194   0.384072  -0.6119327    0.000000    0.000000    0.0000000
53543.00  -0.058518   0.385543  -0.6114171    0.000000    0.000000    0.0000000
53544.00  -0.057818   0.387006  -0.6108419    0.000000    0.000000    0.0000000
53545.00  -0.057095   0.388462  -0.6103562    0.000000    0.000000    0.0000000
53546.00  -0.056348   0.389911  -0.6100804    0.000000    0.000000    0.0000000
53547.00  -0.055579   0.391351  -0.6100654    0.000000    0.000000    0.0000000
53548.00  -0.054787   0.392783  -0.6102740    0.000000    0.000000    0.0000000
53549.00  -0.053973   0.394206  -0.6106035    0.000000    0.000000    0.0000000
53550.00  -0.053137   0.395620  -0.6109243    0.000000    0.000000    0.0000000
53551.00  -0.052279   0.397025  -0.6111159    0.000000    0.000000    0.0000000
53552.00  -0.051400   0.398421  -0.6110951    0.000000    0.000000    0.0000000
53553.00  -0.050500   0.399806  -0.6108246    0.000000    0.000000    0.0000000
53554.00  -0.049580   0.401181  -0.6103105    0.000000    0.000000    0.0000000
53555.00  -0.048640   0.402546  -0.6095938    0.000000    0.000000    0.0000000
53556.00  -0.047679   0.403899  -0.6087372    0.000000    0.000000    0.0000000
53557.00  -0.046700   0.405242  -0.6078156    0.000000    0.000000    0.0000000
53558.00  -0.045701   0.406573  -0.6069068    0.000000    0.000000    0.0000000
53559.00  -0.044683   0.407892  -0.6060834    0.000000    0.000000    0.0000000
53560.00  -0.043647   0.409199  -0.6053990    0.000000    0.000000    0.0000000
53561.00  -0.042594   0.410494  -0.6048821    0.000000    0.000000    0.0000000
53562.00  -0.041522   0.411776  -0.6045336    0.000000    0.000000    0.0000000
53563.00  -0.040434   0.413046  -0.6043315    0.000000    0.000000    0.0000000
53564.00  -0.039328   0.414302  -0.6042312    0.000000    0.000000    0.0000000
53565.00  -0.038206   0.415545  -0.6041737    0.000000    0.000000    0.0000000
53566.00  -0.037068   0.416774  -0.6040854    0.000000    0.000000    0.0000000
53567.00  -0.035915   0.417989  -0.6038884    0.000000    0.000000    0.0000000
53568.00  -0.034746   0.419190  -0.6035134    0.000000    0.000000    0.0000000
53569.00  -0.033562   0.420376  -0.6029275    0.000000    0.000000    0.0000000
53570.00  -0.032364   0.421547  -0.6021579    0.000000    0.000000    0.0000000
53571.00  -0.031152   0.422704  -0.6013029    0.000000    0.000000    0.0000000
53572.00  -0.029926   0.423845  -0.6005091    0.000000    0.000000    0.0000000
53573.00  -0.028687   0.424971  -0.5999238    0.000000    0.000000    0.0000000
53574.00  -0.027434   0.426081  -0.5996363    0.000000    0.000000    0.0000000
53575.00  -0.026170   0.427175  -0.5996429    0.000000    0.000000    0.0000000
53576.00  -0.024893   0.428253  -0.5998473    0.000000    0.000000    0.0000000
53577.00  -0.023604   0.429314  -0.6000987    0.000000    0.000000    0.0000000
53578.00  -0.022304   0.430358  -0.6002451    0.000000    0.000000    0.0000000
53579.00  -0.020993   0.431386  -0.6001768    0.000000    0.000000    0.0000000
53580.00  -0.019672   0.432397  -0.5998445    0.000000    0.000000    0.0000000
53581.00  -0.018341   0.433247  -0.5992544    0.000000    0.000000    0.0000000
53582.00  -0.016999   0.434231  -0.5984530    0.000000    0.000000    0.0000000
53583.00  -0.015649   0.435197  -0.5975086    0.000000    0.000000    0.0000000
