#  eopc01_1900_2004.dat
#
#  This file comes from http://hpiers.obspm.fr/eoppc/eop/eopc01/eopc01.1900-2004. See readme.eopc01 (located
#  in the psLib/data directory) for details.
#
#  @author Ross Harman, MHPCC
#
#  @version $Revision: 1.1 $ $Name: not supported by cvs2svn $
#  @date $Date: 2006-09-23 02:20:17 $
#
#
#    Date       PM-x      PM-y     UT1-UTC
#   (year)    (arcsec)   (arcsec)   (sec)
#     psF64     psF64      psF64     psF64
    1900.00  -.212818  -.097229   .0000000
    1900.05  -.047461  -.065631   .0000000
    1900.10  -.112006  -.040467   .0000000
    1900.15  -.076710  -.009674   .0000000
    1900.20  -.099850  -.066660   .0000000
    1900.25  -.131173  -.072076   .0000000
    1900.30  -.087390  -.089427   .0000000
    1900.35  -.164078  -.131034   .0000000
    1900.40  -.151407  -.105838   .0000000
    1900.45  -.143764  -.179125   .0000000
    1900.50  -.124341  -.105747   .0000000
    1900.55  -.206229  -.144555   .0000000
    1900.60  -.192711  -.095563   .0000000
    1900.65  -.190299  -.067717   .0000000
    1900.70  -.135718  -.081480   .0000000
    1900.75  -.153807   .030568   .0000000
    1900.80  -.173818   .001034   .0000000
    1900.85  -.257716  -.006499   .0000000
    1900.90  -.209085   .046511   .0000000
    1900.95  -.133145   .004905   .0000000
    1901.00  -.138242   .014255   .0000000
    1901.05  -.162602   .006609   .0000000
    1901.10  -.121242  -.000875   .0000000
    1901.15  -.109773   .024691   .0000000
    1901.20  -.103805   .039564   .0000000
    1901.25  -.021306  -.011519   .0000000
    1901.30  -.001300   .021700   .0000000
    1901.35   .037156  -.049753   .0000000
    1901.40   .003993  -.095314   .0000000
    1901.45   .054079  -.081336   .0000000
    1901.50   .089761  -.084901   .0000000
    1901.55   .004864  -.187233   .0000000
    1901.60  -.023099  -.179528   .0000000
    1901.65  -.057910  -.197673   .0000000
    1901.70  -.033170  -.202981   .0000000
    1901.75  -.155604  -.187085   .0000000
    1901.80  -.169658  -.183163   .0000000
    1901.85  -.188623  -.181458   .0000000
    1901.90  -.223086  -.144566   .0000000
    1901.95  -.254958  -.114447   .0000000
    1902.00  -.259243  -.078157   .0000000
    1902.05  -.211792   .038633   .0000000
    1902.10  -.216991   .064250   .0000000
    1902.15  -.242537   .171246   .0000000
    1902.20  -.188324   .158468   .0000000
    1902.25  -.152570   .207171   .0000000
    1902.30  -.062244   .171387   .0000000
    1902.35  -.016045   .182141   .0000000
    1902.40   .036032   .156268   .0000000
    1902.45   .217293   .252814   .0000000
    1902.50   .119283   .066262   .0000000
    1902.55   .125538   .016781   .0000000
    1902.60   .082496  -.058369   .0000000
    1902.65   .051287  -.069631   .0000000
    1902.70   .051239  -.093785   .0000000
    1902.75  -.024248  -.151921   .0000000
    1902.80  -.054789  -.179957   .0000000
    1902.85  -.146320  -.146959   .0000000
    1902.90  -.193061  -.169534   .0000000
    1902.95  -.237694  -.119404   .0000000
    1903.00  -.319420  -.043030   .0000000
    1903.05  -.341204   .031366   .0000000
    1903.10  -.345930  -.002271   .0000000
    1903.15  -.363449   .022246   .0000000
    1903.20  -.363639   .126744   .0000000
    1903.25  -.275204   .088178   .0000000
    1903.30  -.217973   .142752   .0000000
    1903.35  -.133649   .193127   .0000000
    1903.40  -.073538   .187785   .0000000
    1903.45  -.033275   .242905   .0000000
    1903.50  -.025665   .185828   .0000000
    1903.55   .065994   .199396   .0000000
    1903.60   .124642   .131603   .0000000
    1903.65   .138085   .043707   .0000000
    1903.70   .131036  -.010458   .0000000
    1903.75   .129875  -.132885   .0000000
    1903.80   .020188  -.149501   .0000000
    1903.85  -.013164  -.224089   .0000000
    1903.90   .017200  -.148400   .0000000
    1903.95  -.054459  -.187411   .0000000
    1904.00  -.148856  -.076687   .0000000
    1904.05  -.254004  -.136031   .0000000
    1904.10  -.260513  -.134266   .0000000
    1904.15  -.250640  -.062308   .0000000
    1904.20  -.318450  -.022118   .0000000
    1904.25  -.293126   .024733   .0000000
    1904.30  -.249230   .052166   .0000000
    1904.35  -.263860   .072953   .0000000
    1904.40  -.210918   .172463   .0000000
    1904.45  -.152700   .188900   .0000000
    1904.50  -.109676   .182564   .0000000
    1904.55  -.082798   .158201   .0000000
    1904.60   .001500   .164000   .0000000
    1904.65   .042084   .134884   .0000000
    1904.70   .062535   .070240   .0000000
    1904.75   .083512   .063227   .0000000
    1904.80   .042326   .010531   .0000000
    1904.85   .042284  -.029751   .0000000
    1904.90  -.008473  -.063250   .0000000
    1904.95   .028258  -.057405   .0000000
    1905.00  -.040538  -.099671   .0000000
    1905.05  -.017099  -.158118   .0000000
    1905.10  -.105713  -.176117   .0000000
    1905.15  -.176213  -.100777   .0000000
    1905.20  -.231493  -.136695   .0000000
    1905.25  -.251440  -.151097   .0000000
    1905.30  -.248000  -.108800   .0000000
    1905.35  -.304428   .045206   .0000000
    1905.40  -.236545   .042822   .0000000
    1905.45  -.250592   .048859   .0000000
    1905.50  -.185960   .112145   .0000000
    1905.55  -.156532   .117102   .0000000
    1905.60  -.109352   .166247   .0000000
    1905.65  -.067846   .135598   .0000000
    1905.70   .014037   .151407   .0000000
    1905.75  -.034403   .175804   .0000000
    1905.80  -.031721   .049970   .0000000
    1905.85   .025746   .080453   .0000000
    1905.90   .024021  -.056728   .0000000
    1905.95   .040706  -.006383   .0000000
    1906.00   .003853  -.026096   .0000000
    1906.05  -.017613  -.075020   .0000000
    1906.10  -.157406  -.092487   .0000000
    1906.15  -.067506  -.080298   .0000000
    1906.20  -.149450  -.119103   .0000000
    1906.25  -.128247  -.061169   .0000000
    1906.30  -.179648  -.057693   .0000000
    1906.35  -.186449  -.044109   .0000000
    1906.40  -.208575  -.019448   .0000000
    1906.45  -.217870   .042944   .0000000
    1906.50  -.199891   .058881   .0000000
    1906.55  -.173543   .070934   .0000000
    1906.60  -.182003   .113024   .0000000
    1906.65  -.142776   .095154   .0000000
    1906.70  -.093740   .095224   .0000000
    1906.75  -.093900   .111200   .0000000
    1906.80  -.102758   .078405   .0000000
    1906.85  -.009641   .137918   .0000000
    1906.90  -.126885   .077766   .0000000
    1906.95  -.085940   .122947   .0000000
    1907.00  -.079416   .150174   .0000000
    1907.05  -.067350   .041498   .0000000
    1907.10  -.027042   .024883   .0000000
    1907.15  -.069913   .039794   .0000000
    1907.20  -.059194  -.025833   .0000000
    1907.25  -.032978  -.010025   .0000000
    1907.30  -.032298  -.079952   .0000000
    1907.35  -.012800  -.038790   .0000000
    1907.40  -.094517  -.051596   .0000000
    1907.45  -.089447  -.124297   .0000000
    1907.50  -.131771  -.098748   .0000000
    1907.55  -.109356  -.122489   .0000000
    1907.60  -.134764  -.084340   .0000000
    1907.65  -.150915  -.095204   .0000000
    1907.70  -.183652  -.070567   .0000000
    1907.75  -.247755  -.037271   .0000000
    1907.80  -.276782   .006594   .0000000
    1907.85  -.260675   .115176   .0000000
    1907.90  -.279309   .066165   .0000000
    1907.95  -.247411   .158512   .0000000
    1908.00  -.179825   .190418   .0000000
    1908.05  -.162104   .175855   .0000000
    1908.10  -.073775   .244495   .0000000
    1908.15  -.088534   .184551   .0000000
    1908.20   .072181   .185212   .0000000
    1908.25   .000811   .129285   .0000000
    1908.30   .094290   .125029   .0000000
    1908.35   .098031   .048028   .0000000
    1908.40   .085376  -.037173   .0000000
    1908.45   .110614  -.053618   .0000000
    1908.50   .110175  -.121985   .0000000
    1908.55   .062891  -.147259   .0000000
    1908.60   .016036  -.174778   .0000000
    1908.65  -.044507  -.258578   .0000000
    1908.70  -.126698  -.236805   .0000000
    1908.75  -.185227  -.279032   .0000000
    1908.80  -.218671  -.234349   .0000000
    1908.85  -.258124  -.193490   .0000000
    1908.90  -.348498  -.117029   .0000000
    1908.95  -.441656  -.087821   .0000000
    1909.00  -.418026   .032515   .0000000
    1909.05  -.464700   .053100   .0000000
    1909.10  -.381402   .081369   .0000000
    1909.15  -.331872   .208343   .0000000
    1909.20  -.262800   .230900   .0000000
    1909.25  -.180022   .262477   .0000000
    1909.30  -.088674   .272316   .0000000
    1909.35  -.017300   .301900   .0000000
    1909.40   .082311   .293915   .0000000
    1909.45   .145682   .242356   .0000000
    1909.50   .159939   .145514   .0000000
    1909.55   .219001   .050735   .0000000
    1909.60   .251107   .038325   .0000000
    1909.65   .216000  -.092100   .0000000
    1909.70   .239771  -.129218   .0000000
    1909.75   .122030  -.229024   .0000000
    1909.80  -.027219  -.280542   .0000000
    1909.85  -.097816  -.318227   .0000000
    1909.90  -.212272  -.273213   .0000000
    1909.95  -.262295  -.211841   .0000000
    1910.00  -.323074  -.200846   .0000000
    1910.05  -.442329  -.257217   .0000000
    1910.10  -.448532  -.107453   .0000000
    1910.15  -.408744   .030815   .0000000
    1910.20  -.414020  -.006268   .0000000
    1910.25  -.385676   .162890   .0000000
    1910.30  -.368387   .272702   .0000000
    1910.35  -.268774   .293213   .0000000
    1910.40  -.147573   .342824   .0000000
    1910.45  -.081273   .328529   .0000000
    1910.50  -.020932   .388520   .0000000
    1910.55   .105674   .327555   .0000000
    1910.60   .176301   .312524   .0000000
    1910.65   .191756   .171612   .0000000
    1910.70   .222257   .091742   .0000000
    1910.75   .211332  -.009012   .0000000
    1910.80   .205000  -.105700   .0000000
    1910.85   .120900  -.162494   .0000000
    1910.90   .083916  -.253801   .0000000
    1910.95  -.057477  -.280025   .0000000
    1911.00  -.089579  -.260914   .0000000
    1911.05  -.218786  -.263597   .0000000
    1911.10  -.224700  -.257286   .0000000
    1911.15  -.335860  -.182205   .0000000
    1911.20  -.267000  -.050900   .0000000
    1911.25  -.370633   .021540   .0000000
    1911.30  -.353109   .047330   .0000000
    1911.35  -.332727   .126340   .0000000
    1911.40  -.234107   .168826   .0000000
    1911.45  -.272718   .310644   .0000000
    1911.50  -.193283   .331807   .0000000
    1911.55  -.136796   .347029   .0000000
    1911.60  -.056770   .304448   .0000000
    1911.65   .060600   .363500   .0000000
    1911.70   .112694   .325844   .0000000
    1911.75   .129599   .242729   .0000000
    1911.80   .130866   .155825   .0000000
    1911.85   .158551   .088616   .0000000
    1911.90   .145314  -.044498   .0000000
    1911.95   .095603  -.041933   .0000000
    1912.00   .083131  -.041367   .0000000
    1912.05  -.038956  -.097988   .0000000
    1912.10   .078300  -.165300   .0000000
    1912.15  -.088995  -.223549   .0000000
    1912.20  -.127587  -.102840   .0000000
    1912.25  -.227272  -.194080   .0000000
    1912.30  -.209405  -.109730   .0000000
    1912.35  -.237021  -.041122   .0000000
    1912.40  -.262082  -.006966   .0000000
    1912.45  -.225320   .056285   .0000000
    1912.50  -.263907   .044713   .0000000
    1912.55  -.196951   .144625   .0000000
    1912.60  -.198267   .185500   .0000000
    1912.65  -.219124   .151146   .0000000
    1912.70  -.175982   .183356   .0000000
    1912.75  -.160280   .162811   .0000000
    1912.80  -.103200   .187700   .0000000
    1912.85  -.078852   .172599   .0000000
    1912.90  -.076719   .222193   .0000000
    1912.95  -.018200   .178000   .0000000
    1913.00  -.088918   .098053   .0000000
    1913.05  -.043449   .115101   .0000000
    1913.10  -.001323   .124168   .0000000
    1913.15  -.021744   .057252   .0000000
    1913.20   .011122   .015761   .0000000
    1913.25  -.010477  -.071666   .0000000
    1913.30   .032491   .003044   .0000000
    1913.35   .048101  -.050706   .0000000
    1913.40   .032669  -.039496   .0000000
    1913.45   .008311  -.068348   .0000000
    1913.50   .000027  -.047918   .0000000
    1913.55  -.076685  -.083122   .0000000
    1913.60  -.108057  -.085386   .0000000
    1913.65  -.100400  -.040800   .0000000
    1913.70  -.162152  -.081823   .0000000
    1913.75  -.223157  -.030051   .0000000
    1913.80  -.224000  -.002700   .0000000
    1913.85  -.226344   .078679   .0000000
    1913.90  -.200560   .102525   .0000000
    1913.95  -.313300   .074600   .0000000
    1914.00  -.203986   .155067   .0000000
    1914.05  -.260937   .252070   .0000000
    1914.10  -.152037   .221001   .0000000
    1914.15  -.093945   .191653   .0000000
    1914.20  -.063798   .184214   .0000000
    1914.25  -.013635   .132013   .0000000
    1914.30   .045383   .170364   .0000000
    1914.35   .034013   .110450   .0000000
    1914.40   .073793   .089719   .0000000
    1914.45   .106389   .069624   .0000000
    1914.50   .104207   .003118   .0000000
    1914.55   .085502  -.025467   .0000000
    1914.60   .049258  -.008534   .0000000
    1914.65  -.013923  -.060487   .0000000
    1914.70  -.046141  -.151237   .0000000
    1914.75  -.094789  -.177467   .0000000
    1914.80  -.140169  -.214589   .0000000
    1914.85  -.220007  -.164939   .0000000
    1914.90  -.271487  -.080598   .0000000
    1914.95  -.197162  -.003731   .0000000
    1915.00  -.365371   .018627   .0000000
    1915.05  -.311390   .018527   .0000000
    1915.10  -.363577   .127944   .0000000
    1915.15  -.230546   .091634   .0000000
    1915.20  -.285678   .254673   .0000000
    1915.25  -.300793   .364102   .0000000
    1915.30  -.145488   .374588   .0000000
    1915.35  -.084157   .325899   .0000000
    1915.40  -.008400   .253100   .0000000
    1915.45   .086674   .275352   .0000000
    1915.50   .081245   .210673   .0000000
    1915.55   .121650   .162508   .0000000
    1915.60   .169064  -.052355   .0000000
    1915.65   .112084   .002862   .0000000
    1915.70   .099188  -.061928   .0000000
    1915.75   .093628  -.172293   .0000000
    1915.80  -.031363  -.267297   .0000000
    1915.85  -.050020  -.262266   .0000000
    1915.90  -.047776  -.265495   .0000000
    1915.95  -.135461  -.219164   .0000000
    1916.00  -.250486  -.127502   .0000000
    1916.05  -.339030  -.192532   .0000000
    1916.10  -.414793  -.366168   .0000000
    1916.15  -.341536  -.026629   .0000000
    1916.20  -.344556   .102289   .0000000
    1916.25  -.312204   .143646   .0000000
    1916.30  -.283589   .181301   .0000000
    1916.35  -.251093   .263902   .0000000
    1916.40  -.158543   .396971   .0000000
    1916.45  -.236712   .246063   .0000000
    1916.50  -.049133   .295525   .0000000
    1916.55  -.019000   .215800   .0000000
    1916.60   .091660   .193570   .0000000
    1916.65   .171184   .142932   .0000000
    1916.70   .135500   .053900   .0000000
    1916.75   .159276  -.060418   .0000000
    1916.80   .195249  -.060384   .0000000
    1916.85   .041662  -.606821   .0000000
    1916.90   .012991  -.219566   .0000000
    1916.95  -.003679  -.318930   .0000000
    1917.00  -.095516  -.232917   .0000000
    1917.05  -.151536  -.182785   .0000000
    1917.10  -.182049  -.136279   .0000000
    1917.15  -.292198  -.114514   .0000000
    1917.20  -.293211  -.077170   .0000000
    1917.25  -.310501  -.047076   .0000000
    1917.30  -.262144   .028782   .0000000
    1917.35  -.195616   .145893   .0000000
    1917.40  -.216823   .172434   .0000000
    1917.45  -.195552   .154519   .0000000
    1917.50  -.114387   .252819   .0000000
    1917.55  -.014913   .095478   .0000000
    1917.60  -.032948   .203552   .0000000
    1917.65  -.004274   .202191   .0000000
    1917.70  -.029300   .187800   .0000000
    1917.75   .047363   .077854   .0000000
    1917.80   .027454   .011902   .0000000
    1917.85   .086395   .016630   .0000000
    1917.90   .011086   .026413   .0000000
    1917.95   .061347  -.033647   .0000000
    1918.00  -.045800  -.126500   .0000000
    1918.05  -.063352  -.187119   .0000000
    1918.10  -.140380  -.029766   .0000000
    1918.15  -.139590  -.046948   .0000000
    1918.20  -.186229  -.012003   .0000000
    1918.25  -.197272  -.022847   .0000000
    1918.30  -.162233   .009864   .0000000
    1918.35  -.209522   .106965   .0000000
    1918.40  -.183315   .111698   .0000000
    1918.45  -.186120   .161230   .0000000
    1918.50  -.206139   .170211   .0000000
    1918.55  -.140500   .134700   .0000000
    1918.60  -.075624   .126939   .0000000
    1918.65  -.035250   .149125   .0000000
    1918.70  -.038388   .139481   .0000000
    1918.75   .005607   .126979   .0000000
    1918.80  -.039489   .133454   .0000000
    1918.85  -.047400   .170000   .0000000
    1918.90  -.061884   .112716   .0000000
    1918.95  -.059354   .062420   .0000000
    1919.00  -.058158   .016625   .0000000
    1919.05  -.045037   .121493   .0000000
    1919.10  -.064165   .072740   .0000000
    1919.15  -.046142   .055541   .0000000
    1919.20  -.076649   .084834   .0000000
    1919.25  -.032000   .101400   .0000000
    1919.30  -.032764   .042454   .0000000
    1919.35  -.034002   .057361   .0000000
    1919.40  -.081513   .071678   .0000000
    1919.45  -.024396   .011394   .0000000
    1919.50  -.005435   .014449   .0000000
    1919.55  -.036700  -.072300   .0000000
    1919.60  -.054480  -.035798   .0000000
    1919.65  -.109833  -.018115   .0000000
    1919.70  -.180209  -.046368   .0000000
    1919.75  -.144050   .048583   .0000000
    1919.80  -.181892  -.009524   .0000000
    1919.85  -.159213   .054630   .0000000
    1919.90  -.092562  -.197751   .0000000
    1919.95  -.186227   .107207   .0000000
    1920.00  -.097388   .112723   .0000000
    1920.05  -.145513   .244405   .0000000
    1920.10  -.066010   .127964   .0000000
    1920.15  -.108000   .125400   .0000000
    1920.20  -.066646   .249459   .0000000
    1920.25   .062692   .241400   .0000000
    1920.30   .077897   .212694   .0000000
    1920.35   .112620   .177084   .0000000
    1920.40   .081000   .157700   .0000000
    1920.45   .148386   .115656   .0000000
    1920.50   .111770   .088776   .0000000
    1920.55   .063562  -.046004   .0000000
    1920.60   .129866   .027842   .0000000
    1920.65   .091341  -.043051   .0000000
    1920.70   .068767  -.053549   .0000000
    1920.75  -.008467  -.089633   .0000000
    1920.80  -.052510  -.063097   .0000000
    1920.85  -.131312  -.127174   .0000000
    1920.90  -.098074  -.069955   .0000000
    1920.95  -.202848  -.093388   .0000000
    1921.00  -.275100   .041200   .0000000
    1921.05  -.199380   .005397   .0000000
    1921.10  -.269861   .062960   .0000000
    1921.15  -.315700   .186534   .0000000
    1921.20  -.190287   .164991   .0000000
    1921.25  -.119466   .139311   .0000000
    1921.30  -.014599   .217462   .0000000
    1921.35   .031054   .201362   .0000000
    1921.40   .091820   .160909   .0000000
    1921.45   .100985   .083825   .0000000
    1921.50   .212445   .182524   .0000000
    1921.55   .138182   .088243   .0000000
    1921.60   .178414   .025800   .0000000
    1921.65   .167323   .004838   .0000000
    1921.70   .073545  -.078915   .0000000
    1921.75   .127179  -.080673   .0000000
    1921.80  -.002474  -.169272   .0000000
    1921.85  -.007518  -.143864   .0000000
    1921.90  -.098209   .106262   .0000000
    1921.95  -.133071  -.095128   .0000000
    1922.00  -.045524  -.029486   .0000000
    1922.05  -.194756  -.097510   .0000000
    1922.10  -.208934   .039567   .0000000
    1922.15  -.210300   .137300   .0000000
    1922.20  -.165744   .125734   .0000000
    1922.25  -.162390   .134218   .0000000
    1922.30  -.132697   .221570   .0000000
    1922.35  -.090259   .277564   .0000000
    1922.40  -.047480   .260568   .0000000
    1922.45   .009070   .222538   .0000000
    1922.50   .111622   .240501   .0000000
    1922.55   .088770   .114259   .0000000
    1922.60   .163154   .076991   .0000000
    1922.65   .151317   .014994   .0000000
    1922.70   .141800   .014900   .0000000
    1922.75   .120772  -.019145   .0000000
    1922.80   .083381  -.139651   .0000000
    1922.85   .063654  -.088851   .0000000
    1922.90   .041976   .015059   .0000000
    1922.95  -.163179  -.120346   .0000000
    1923.00  -.162345  -.088042   .0000000
    1923.05  -.166986  -.055441   .0000000
    1923.10  -.332673  -.032441   .0000000
    1923.15  -.262008  -.033456   .0000000
    1923.20  -.207748   .016212   .0000000
    1923.25  -.274792   .140175   .0000000
    1923.30  -.179152   .157417   .0000000
    1923.35  -.176779   .129676   .0000000
    1923.40  -.097364   .300984   .0000000
    1923.45  -.024124   .317510   .0000000
    1923.50  -.019994   .239535   .0000000
    1923.55   .060132   .240230   .0000000
    1923.60   .112367   .311274   .0000000
    1923.65   .142183   .249476   .0000000
    1923.70   .151780   .226170   .0000000
    1923.75   .161990   .129040   .0000000
    1923.80   .130175   .020789   .0000000
    1923.85   .136144   .082803   .0000000
    1923.90   .088243   .024731   .0000000
    1923.95   .035504  -.012841   .0000000
    1924.00  -.005804   .073064   .0000000
    1924.05  -.068517   .011667   .0000000
    1924.10  -.029063   .003840   .0000000
    1924.15  -.149500  -.020500   .0000000
    1924.20  -.151107   .038096   .0000000
    1924.25  -.170714   .072246   .0000000
    1924.30  -.127400   .135100   .0000000
    1924.35  -.165261   .139194   .0000000
    1924.40  -.187563   .107926   .0000000
    1924.45  -.081980   .195088   .0000000
    1924.50  -.075229   .183050   .0000000
    1924.55  -.059435   .142566   .0000000
    1924.60   .014627   .135909   .0000000
    1924.65   .029893   .185564   .0000000
    1924.70  -.002107   .154303   .0000000
    1924.75   .041539   .113626   .0000000
    1924.80   .032319   .000498   .0000000
    1924.85  -.079291   .056224   .0000000
    1924.90  -.006172   .025546   .0000000
    1924.95   .035597   .085593   .0000000
    1925.00  -.012995   .036963   .0000000
    1925.05  -.056182  -.049412   .0000000
    1925.10  -.103481  -.003581   .0000000
    1925.15  -.107312  -.041495   .0000000
    1925.20  -.141179  -.046236   .0000000
    1925.25  -.102647   .016748   .0000000
    1925.30  -.130539   .119861   .0000000
    1925.35  -.066774   .097721   .0000000
    1925.40  -.004013   .055231   .0000000
    1925.45  -.066873   .032174   .0000000
    1925.50  -.055672   .061909   .0000000
    1925.55  -.070311   .114851   .0000000
    1925.60   .017853   .118506   .0000000
    1925.65  -.015743   .056794   .0000000
    1925.70   .001485   .004726   .0000000
    1925.75  -.005631   .015549   .0000000
    1925.80   .001128   .013928   .0000000
    1925.85  -.243256  -.060509   .0000000
    1925.90  -.025734   .007049   .0000000
    1925.95  -.041648  -.013321   .0000000
    1926.00  -.199605  -.083663   .0000000
    1926.05  -.163818  -.029853   .0000000
    1926.10  -.073051  -.074540   .0000000
    1926.15  -.177265  -.060285   .0000000
    1926.20  -.230084  -.024826   .0000000
    1926.25  -.173813   .058121   .0000000
    1926.30  -.052708   .122825   .0000000
    1926.35  -.106664   .067451   .0000000
    1926.40  -.129567   .112402   .0000000
    1926.45  -.076581   .132865   .0000000
    1926.50  -.051765   .131885   .0000000
    1926.55  -.033933   .119936   .0000000
    1926.60  -.053049   .122331   .0000000
    1926.65  -.021532   .117705   .0000000
    1926.70   .018915   .156256   .0000000
    1926.75  -.001894   .104146   .0000000
    1926.80  -.075772   .076597   .0000000
    1926.85  -.120294   .111799   .0000000
    1926.90  -.050061   .130391   .0000000
    1926.95  -.098525   .073404   .0000000
    1927.00  -.058200   .056215   .0000000
    1927.05  -.142988   .109762   .0000000
    1927.10  -.032237   .116674   .0000000
    1927.15  -.095191   .115885   .0000000
    1927.20  -.059447   .084129   .0000000
    1927.25  -.115876   .071429   .0000000
    1927.30  -.052232   .049356   .0000000
    1927.35  -.054137   .027885   .0000000
    1927.40  -.013624   .120684   .0000000
    1927.45   .095331   .074304   .0000000
    1927.50   .015128   .128662   .0000000
    1927.55  -.016024   .158240   .0000000
    1927.60  -.031647   .047004   .0000000
    1927.65  -.020014   .048718   .0000000
    1927.70  -.004146   .054252   .0000000
    1927.75  -.052691   .005745   .0000000
    1927.80  -.052571  -.025327   .0000000
    1927.85  -.093446  -.044573   .0000000
    1927.90  -.185615   .036816   .0000000
    1927.95  -.159711  -.002380   .0000000
    1928.00  -.008822  -.065239   .0000000
    1928.05  -.145700  -.017500   .0000000
    1928.10  -.134670   .100011   .0000000
    1928.15  -.142914   .014838   .0000000
    1928.20  -.130658   .109191   .0000000
    1928.25  -.071799   .135022   .0000000
    1928.30  -.077913   .109713   .0000000
    1928.35  -.084562   .184119   .0000000
    1928.40  -.070452   .122462   .0000000
    1928.45  -.071262   .128166   .0000000
    1928.50  -.023166   .138252   .0000000
    1928.55  -.049392   .114652   .0000000
    1928.60  -.132084  -.134582   .0000000
    1928.65   .020427   .100107   .0000000
    1928.70  -.028438   .032299   .0000000
    1928.75  -.110100   .107500   .0000000
    1928.80  -.143376  -.000841   .0000000
    1928.85  -.115036   .011216   .0000000
    1928.90  -.110841   .085727   .0000000
    1928.95  -.072093   .151032   .0000000
    1929.00  -.160303   .044210   .0000000
    1929.05  -.288649   .003539   .0000000
    1929.10  -.100071   .109711   .0000000
    1929.15  -.169363   .171496   .0000000
    1929.20  -.126222   .140853   .0000000
    1929.25  -.057249   .149535   .0000000
    1929.30   .003629   .164681   .0000000
    1929.35   .131595   .332923   .0000000
    1929.40   .031158   .160059   .0000000
    1929.45   .069220   .115295   .0000000
    1929.50   .103978   .187112   .0000000
    1929.55   .082883   .085168   .0000000
    1929.60   .049832  -.000080   .0000000
    1929.65   .073767   .013919   .0000000
    1929.70   .084972   .064950   .0000000
    1929.75  -.015329  -.028934   .0000000
    1929.80  -.093999  -.073280   .0000000
    1929.85  -.161299  -.061529   .0000000
    1929.90  -.165908  -.084395   .0000000
    1929.95  -.205862   .028014   .0000000
    1930.00  -.214153  -.044059   .0000000
    1930.05  -.215942   .054329   .0000000
    1930.10  -.225480   .057826   .0000000
    1930.15  -.206525   .096138   .0000000
    1930.20  -.166814   .146704   .0000000
    1930.25  -.130922   .224514   .0000000
    1930.30  -.049593   .179473   .0000000
    1930.35  -.125200   .154900   .0000000
    1930.40   .006745   .237422   .0000000
    1930.45   .017674   .198183   .0000000
    1930.50   .035577   .132240   .0000000
    1930.55   .081022   .126161   .0000000
    1930.60   .098407   .114242   .0000000
    1930.65   .074379  -.037760   .0000000
    1930.70   .062912  -.022243   .0000000
    1930.75   .028598   .019082   .0000000
    1930.80  -.011225  -.081563   .0000000
    1930.85  -.084804  -.009200   .0000000
    1930.90  -.116025  -.003658   .0000000
    1930.95  -.158405  -.031682   .0000000
    1931.00  -.353309   .027867   .0000000
    1931.05  -.277671   .046550   .0000000
    1931.10  -.239000  -.015100   .0000000
    1931.15  -.355078   .116611   .0000000
    1931.20  -.226864   .167103   .0000000
    1931.25  -.248657   .182523   .0000000
    1931.30  -.150564   .238762   .0000000
    1931.35  -.151393   .231228   .0000000
    1931.40  -.039529   .281355   .0000000
    1931.45   .024987   .296176   .0000000
    1931.50   .039600   .242500   .0000000
    1931.55   .074415   .182812   .0000000
    1931.60   .098426   .094944   .0000000
    1931.65   .082462   .055652   .0000000
    1931.70   .165785   .079323   .0000000
    1931.75   .067878   .029704   .0000000
    1931.80   .052973  -.106345   .0000000
    1931.85  -.083590  -.105084   .0000000
    1931.90  -.060868  -.054736   .0000000
    1931.95  -.091079  -.143458   .0000000
    1932.00  -.117202  -.090917   .0000000
    1932.05  -.196529  -.057717   .0000000
    1932.10  -.166200  -.015500   .0000000
    1932.15  -.312357   .014781   .0000000
    1932.20  -.324819   .020690   .0000000
    1932.25  -.229236   .137146   .0000000
    1932.30  -.199450   .181143   .0000000
    1932.35  -.169007   .207207   .0000000
    1932.40  -.138350   .219864   .0000000
    1932.45  -.071670   .214482   .0000000
    1932.50  -.075142   .230743   .0000000
    1932.55  -.052070   .236227   .0000000
    1932.60   .026338   .224720   .0000000
    1932.65   .071800   .178200   .0000000
    1932.70   .070092   .209808   .0000000
    1932.75   .087369   .059518   .0000000
    1932.80   .122666   .122560   .0000000
    1932.85   .085699   .068358   .0000000
    1932.90   .094388   .033874   .0000000
    1932.95   .097006   .030486   .0000000
    1933.00  -.073655  -.011865   .0000000
    1933.05  -.058596   .014472   .0000000
    1933.10  -.188030  -.012586   .0000000
    1933.15  -.173476   .013624   .0000000
    1933.20  -.221474   .048831   .0000000
    1933.25  -.211408   .107715   .0000000
    1933.30  -.186714   .112536   .0000000
    1933.35  -.179116   .019117   .0000000
    1933.40  -.132931   .166511   .0000000
    1933.45  -.129933   .222792   .0000000
    1933.50  -.065800   .247600   .0000000
    1933.55  -.061257   .170077   .0000000
    1933.60  -.092890   .168864   .0000000
    1933.65  -.011311   .114462   .0000000
    1933.70  -.041560   .155440   .0000000
    1933.75  -.007268   .135250   .0000000
    1933.80  -.048100   .064100   .0000000
    1933.85  -.030166   .051458   .0000000
    1933.90  -.059454   .050490   .0000000
    1933.95  -.000334  -.055485   .0000000
    1934.00  -.047994   .160539   .0000000
    1934.05  -.128330   .132957   .0000000
    1934.10  -.104712  -.032479   .0000000
    1934.15  -.123185   .026628   .0000000
    1934.20  -.156884   .046650   .0000000
    1934.25  -.146878   .039678   .0000000
    1934.30  -.212952   .066280   .0000000
    1934.35  -.109680   .080647   .0000000
    1934.40  -.064907   .218438   .0000000
    1934.45  -.115818   .182058   .0000000
    1934.50  -.093600   .146400   .0000000
    1934.55  -.026049   .206821   .0000000
    1934.60  -.036375   .197949   .0000000
    1934.65  -.018200   .130900   .0000000
    1934.70   .003251   .176660   .0000000
    1934.75  -.019469   .192448   .0000000
    1934.80   .016400   .142200   .0000000
    1934.85   .017784   .028679   .0000000
    1934.90  -.064537   .102035   .0000000
    1934.95  -.095694   .072497   .0000000
    1935.00  -.053671   .063917   .0000000
    1935.05  -.169016   .020530   .0000000
    1935.10   .005900   .019800   .0000000
    1935.15  -.121309   .043629   .0000000
    1935.20  -.067132   .059209   .0000000
    1935.25  -.065954   .062433   .0000000
    1935.30  -.066468   .107258   .0000000
    1935.35  -.021635   .104029   .0000000
    1935.40  -.033804   .063816   .0000000
    1935.45  -.056658   .141422   .0000000
    1935.50  -.052090   .108980   .0000000
    1935.55  -.177790  -.002912   .0000000
    1935.60  -.039043   .085087   .0000000
    1935.65  -.133855   .062467   .0000000
    1935.70  -.005002   .093252   .0000000
    1935.75  -.055390   .041687   .0000000
    1935.80  -.109561   .035449   .0000000
    1935.85  -.173680   .091852   .0000000
    1935.90  -.136077   .056437   .0000000
    1935.95  -.015578   .047611   .0000000
    1936.00   .023251   .090679   .0000000
    1936.05  -.146877   .108152   .0000000
    1936.10  -.047500   .098500   .0000000
    1936.15  -.125964   .209295   .0000000
    1936.20  -.159573   .182595   .0000000
    1936.25  -.106700   .188100   .0000000
    1936.30  -.080483   .175745   .0000000
    1936.35  -.093917   .159713   .0000000
    1936.40  -.037416   .107419   .0000000
    1936.45   .060450   .167046   .0000000
    1936.50  -.013617   .143961   .0000000
    1936.55  -.000451   .115066   .0000000
    1936.60  -.004315   .072471   .0000000
    1936.65  -.043164   .033288   .0000000
    1936.70  -.018826   .032928   .0000000
    1936.75  -.074570  -.007560   .0000000
    1936.80  -.106024  -.004717   .0000000
    1936.85  -.100771  -.011306   .0000000
    1936.90  -.188334   .029368   .0000000
    1936.95  -.173300  -.047400   .0000000
    1937.00  -.140145   .085152   .0000000
    1937.05  -.193481   .094688   .0000000
    1937.10  -.158811   .074182   .0000000
    1937.15  -.245489   .179964   .0000000
    1937.20  -.176313   .131564   .0000000
    1937.25  -.121499   .208926   .0000000
    1937.30  -.116696   .187814   .0000000
    1937.35  -.040102   .222305   .0000000
    1937.40  -.088573   .195445   .0000000
    1937.45   .035320   .209660   .0000000
    1937.50   .073386   .231432   .0000000
    1937.55   .069100   .137800   .0000000
    1937.60   .090711   .121711   .0000000
    1937.65   .056677   .054539   .0000000
    1937.70   .047138   .041472   .0000000
    1937.75  -.015251  -.021479   .0000000
    1937.80  -.008680  -.029054   .0000000
    1937.85  -.107027  -.071074   .0000000
    1937.90  -.105060  -.016349   .0000000
    1937.95  -.217410  -.006067   .0000000
    1938.00  -.204894   .021733   .0000000
    1938.05  -.303156   .013057   .0000000
    1938.10  -.147755   .071361   .0000000
    1938.15  -.221442   .102093   .0000000
    1938.20  -.226757   .130364   .0000000
    1938.25  -.171954   .165869   .0000000
    1938.30  -.138432   .225318   .0000000
    1938.35  -.116911   .287363   .0000000
    1938.40  -.046436   .227821   .0000000
    1938.45  -.080914   .286589   .0000000
    1938.50   .111257   .295958   .0000000
    1938.55   .109700   .236000   .0000000
    1938.60   .174186   .248989   .0000000
    1938.65   .172035   .065415   .0000000
    1938.70   .075919   .117887   .0000000
    1938.75   .167309   .023607   .0000000
    1938.80   .026111  -.003055   .0000000
    1938.85  -.037869  -.061382   .0000000
    1938.90  -.052264  -.072478   .0000000
    1938.95  -.134539   .030821   .0000000
    1939.00  -.301769   .106206   .0000000
    1939.05  -.116858  -.001150   .0000000
    1939.10  -.213896   .044637   .0000000
    1939.15  -.161300   .101800   .0000000
    1939.20  -.181054   .143917   .0000000
    1939.25  -.192526   .184454   .0000000
    1939.30  -.119371   .187626   .0000000
    1939.35  -.079336   .224723   .0000000
    1939.40  -.087263   .216206   .0000000
    1939.45  -.044976   .211200   .0000000
    1939.50   .023086   .214921   .0000000
    1939.55   .072500   .233900   .0000000
    1939.60   .118411   .224190   .0000000
    1939.65   .146657   .195121   .0000000
    1939.70   .095496   .180767   .0000000
    1939.75   .089672   .076885   .0000000
    1939.80   .069378   .045780   .0000000
    1939.85   .042361   .018571   .0000000
    1939.90   .005289   .055015   .0000000
    1939.95  -.058344   .043141   .0000000
    1940.00   .027411  -.055656   .0000000
    1940.05  -.148565  -.007660   .0000000
    1940.10  -.249170  -.018138   .0000000
    1940.15  -.210741   .047170   .0000000
    1940.20  -.226589   .078515   .0000000
    1940.25  -.290100   .142200   .0000000
    1940.30  -.223492   .078291   .0000000
    1940.35  -.135189   .151824   .0000000
    1940.40  -.175712   .271518   .0000000
    1940.45  -.063144   .235042   .0000000
    1940.50  -.029661   .260179   .0000000
    1940.55   .019816   .250937   .0000000
    1940.60   .162656   .241704   .0000000
    1940.65   .098439   .147379   .0000000
    1940.70   .065800   .175200   .0000000
    1940.75   .125165   .119102   .0000000
    1940.80   .070275   .085726   .0000000
    1940.85   .053300   .043221   .0000000
    1940.90   .004300  -.026993   .0000000
    1940.95  -.049213   .034742   .0000000
    1941.00   .033843   .015616   .0000000
    1941.05   .033262  -.034927   .0000000
    1941.10  -.043717   .028212   .0000000
    1941.15  -.000032   .034220   .0000000
    1941.20   .008262   .025372   .0000000
    1941.25  -.118927   .084292   .0000000
    1941.30  -.183857   .100975   .0000000
    1941.35  -.159123   .204194   .0000000
    1941.40  -.088480   .133512   .0000000
    1941.45  -.092443   .191571   .0000000
    1941.50  -.062260   .120954   .0000000
    1941.55  -.073372   .253085   .0000000
    1941.60   .012678   .219220   .0000000
    1941.65  -.041165   .167041   .0000000
    1941.70  -.086224   .093311   .0000000
    1941.75   .001683   .150415   .0000000
    1941.80   .068909   .186888   .0000000
    1941.85  -.028851   .102187   .0000000
    1941.90  -.020115   .119301   .0000000
    1941.95   .145863   .081312   .0000000
    1942.00  -.029700   .145400   .0000000
    1942.05  -.086609   .107756   .0000000
    1942.10   .034025   .019905   .0000000
    1942.15  -.065983   .120029   .0000000
    1942.20  -.026845   .031907   .0000000
    1942.25  -.066569   .031627   .0000000
    1942.30  -.008392   .098245   .0000000
    1942.35  -.012154   .089180   .0000000
    1942.40  -.068264   .122550   .0000000
    1942.45  -.064544   .139302   .0000000
    1942.50  -.032732   .122930   .0000000
    1942.55  -.007371   .174390   .0000000
    1942.60  -.089026   .117492   .0000000
    1942.65  -.075180   .095255   .0000000
    1942.70  -.036158   .121535   .0000000
    1942.75  -.075817   .122674   .0000000
    1942.80  -.089165   .085346   .0000000
    1942.85  -.152931   .083401   .0000000
    1942.90  -.103187   .103300   .0000000
    1942.95  -.039915   .183470   .0000000
    1943.00  -.090405   .234551   .0000000
    1943.05  -.093652   .180949   .0000000
    1943.10  -.061971   .090993   .0000000
    1943.15  -.080573   .145031   .0000000
    1943.20  -.051329   .138129   .0000000
    1943.25   .001923   .184841   .0000000
    1943.30  -.019745   .090795   .0000000
    1943.35   .035917   .105605   .0000000
    1943.40   .078661   .117427   .0000000
    1943.45   .033384   .108682   .0000000
    1943.50   .105491   .061063   .0000000
    1943.55  -.047847  -.001805   .0000000
    1943.60  -.036338   .050187   .0000000
    1943.65   .022793   .034134   .0000000
    1943.70   .070899   .024180   .0000000
    1943.75   .004438   .011224   .0000000
    1943.80  -.122806   .001491   .0000000
    1943.85  -.144327   .028604   .0000000
    1943.90  -.120953   .074676   .0000000
    1943.95  -.253705   .095567   .0000000
    1944.00  -.188535   .058157   .0000000
    1944.05  -.213170   .082626   .0000000
    1944.10  -.133388   .103606   .0000000
    1944.15  -.243714   .045296   .0000000
    1944.20  -.280687   .123924   .0000000
    1944.25  -.099857   .132270   .0000000
    1944.30  -.102089   .098582   .0000000
    1944.35   .034173   .068935   .0000000
    1944.40   .052475   .180058   .0000000
    1944.45   .204300   .170300   .0000000
    1944.50   .174930   .065429   .0000000
    1944.55   .236527   .061957   .0000000
    1944.60   .208915  -.039275   .0000000
    1944.65   .171265  -.034213   .0000000
    1944.70   .158830  -.127515   .0000000
    1944.75  -.041184  -.081574   .0000000
    1944.80  -.054199  -.141045   .0000000
    1944.85  -.122864  -.138640   .0000000
    1944.90  -.173922  -.079180   .0000000
    1944.95  -.266129  -.029277   .0000000
    1945.00  -.117527   .046084   .0000000
    1945.05  -.172366   .076642   .0000000
    1945.10  -.218168   .119657   .0000000
    1945.15  -.269380   .084980   .0000000
    1945.20  -.105476   .185324   .0000000
    1945.25  -.252149   .252063   .0000000
    1945.30  -.119100   .283700   .0000000
    1945.35  -.098829   .296275   .0000000
    1945.40   .041205   .299528   .0000000
    1945.45   .070100   .328900   .0000000
    1945.50   .161286   .243704   .0000000
    1945.55   .111735   .157891   .0000000
    1945.60   .279930   .129955   .0000000
    1945.65   .210791   .086270   .0000000
    1945.70   .167958  -.034212   .0000000
    1945.75   .387534  -.060857   .0000000
    1945.80   .203824  -.175689   .0000000
    1945.85  -.009562  -.200723   .0000000
    1945.90   .082043  -.254725   .0000000
    1945.95  -.167775   .011828   .0000000
    1946.00  -.105894  -.143593   .0000000
    1946.05  -.238800  -.143600   .0000000
    1946.10  -.161621  -.086524   .0000000
    1946.15  -.292120  -.032154   .0000000
    1946.20  -.369539   .005399   .0000000
    1946.25  -.243748   .106804   .0000000
    1946.30  -.260700   .154700   .0000000
    1946.35  -.227834   .263600   .0000000
    1946.40  -.105890   .285597   .0000000
    1946.45  -.219288   .379684   .0000000
    1946.50  -.063112   .324947   .0000000
    1946.55   .056826   .295929   .0000000
    1946.60   .082673   .302031   .0000000
    1946.65   .134672   .242569   .0000000
    1946.70   .188918   .179805   .0000000
    1946.75   .230337   .153795   .0000000
    1946.80   .230653   .126700   .0000000
    1946.85   .324003  -.014854   .0000000
    1946.90   .083430  -.030662   .0000000
    1946.95   .071411  -.089697   .0000000
    1947.00   .033741  -.095143   .0000000
    1947.05  -.003804  -.062704   .0000000
    1947.10  -.105253  -.159077   .0000000
    1947.15  -.140851  -.129656   .0000000
    1947.20  -.217901  -.081483   .0000000
    1947.25  -.204585  -.117897   .0000000
    1947.30  -.260050   .044441   .0000000
    1947.35  -.358491   .174358   .0000000
    1947.40  -.202905   .152120   .0000000
    1947.45  -.254945   .153196   .0000000
    1947.50  -.137802   .288460   .0000000
    1947.55  -.094877   .287150   .0000000
    1947.60   .023089   .335301   .0000000
    1947.65   .060945   .357002   .0000000
    1947.70   .113078   .313539   .0000000
    1947.75   .120020   .273848   .0000000
    1947.80   .175924   .294753   .0000000
    1947.85   .206992   .222458   .0000000
    1947.90   .140099   .174866   .0000000
    1947.95   .157648   .156590   .0000000
    1948.00   .225955   .143369   .0000000
    1948.05   .157129   .071959   .0000000
    1948.10   .150055   .021583   .0000000
    1948.15   .171585  -.019271   .0000000
    1948.20   .145400  -.041700   .0000000
    1948.25   .147680  -.064178   .0000000
    1948.30   .053983  -.075038   .0000000
    1948.35  -.045837  -.072956   .0000000
    1948.40  -.091431  -.067958   .0000000
    1948.45  -.076060   .010010   .0000000
    1948.50  -.106057   .014185   .0000000
    1948.55  -.097516   .015430   .0000000
    1948.60  -.130026   .063326   .0000000
    1948.65  -.136613   .110269   .0000000
    1948.70  -.236212   .081015   .0000000
    1948.75  -.122022   .165015   .0000000
    1948.80  -.082996   .181422   .0000000
    1948.85  -.102718   .194496   .0000000
    1948.90  -.056364   .288203   .0000000
    1948.95  -.060517   .337067   .0000000
    1949.00  -.038708   .272547   .0000000
    1949.05   .050766   .309560   .0000000
    1949.10  -.036412   .244629   .0000000
    1949.15   .092035   .269182   .0000000
    1949.20   .117000   .151400   .0000000
    1949.25   .167243   .119693   .0000000
    1949.30   .167879   .072692   .0000000
    1949.35   .134722   .072089   .0000000
    1949.40   .145230   .001256   .0000000
    1949.45   .089326  -.093079   .0000000
    1949.50   .154408  -.078539   .0000000
    1949.55   .073064  -.060780   .0000000
    1949.60   .043289  -.033614   .0000000
    1949.65  -.013262  -.122149   .0000000
    1949.70  -.164254  -.145566   .0000000
    1949.75  -.163827  -.040926   .0000000
    1949.80  -.236686  -.074967   .0000000
    1949.85  -.237557   .040887   .0000000
    1949.90  -.224455   .063927   .0000000
    1949.95  -.290753   .157252   .0000000
    1950.00  -.220930   .287191   .0000000
    1950.05  -.222249   .248856   .0000000
    1950.10  -.144425   .335072   .0000000
    1950.15  -.061597   .365805   .0000000
    1950.20   .023935   .338761   .0000000
    1950.25   .046105   .332438   .0000000
    1950.30   .127597   .297890   .0000000
    1950.35   .258100   .317900   .0000000
    1950.40   .238376   .209297   .0000000
    1950.45   .300481   .140257   .0000000
    1950.50   .287564   .015981   .0000000
    1950.55   .286892   .093660   .0000000
    1950.60   .270451  -.079337   .0000000
    1950.65   .258830  -.098373   .0000000
    1950.70   .116078  -.227489   .0000000
    1950.75  -.010608  -.232154   .0000000
    1950.80  -.087101  -.278552   .0000000
    1950.85  -.183732  -.306109   .0000000
    1950.90  -.306855  -.243256   .0000000
    1950.95  -.321363  -.117027   .0000000
    1951.00  -.365022   .014938   .0000000
    1951.05  -.304225   .001015   .0000000
    1951.10  -.369566   .099280   .0000000
    1951.15  -.378609   .229045   .0000000
    1951.20  -.253183   .324399   .0000000
    1951.25  -.183608   .395804   .0000000
    1951.30  -.113043   .407480   .0000000
    1951.35   .025400   .357400   .0000000
    1951.40   .169217   .366203   .0000000
    1951.45   .251730   .336817   .0000000
    1951.50   .268771   .266485   .0000000
    1951.55   .325834   .218909   .0000000
    1951.60   .416116   .097318   .0000000
    1951.65   .369300   .007200   .0000000
    1951.70   .311161  -.128485   .0000000
    1951.75   .291955  -.216643   .0000000
    1951.80   .143989  -.282893   .0000000
    1951.85   .078168  -.298582   .0000000
    1951.90  -.072498  -.293768   .0000000
    1951.95  -.121266  -.283286   .0000000
    1952.00  -.228941  -.289334   .0000000
    1952.05  -.384844  -.280973   .0000000
    1952.10  -.425432  -.085033   .0000000
    1952.15  -.415187   .007147   .0000000
    1952.20  -.438050   .104950   .0000000
    1952.25  -.373937   .199595   .0000000
    1952.30  -.214791   .330880   .0000000
    1952.35  -.237011   .436678   .0000000
    1952.40  -.206498   .424479   .0000000
    1952.45  -.114247   .462331   .0000000
    1952.50   .053909   .452330   .0000000
    1952.55   .152162   .415113   .0000000
    1952.60   .302914   .389455   .0000000
    1952.65   .303583   .272217   .0000000
    1952.70   .379665   .235664   .0000000
    1952.75   .284255   .115197   .0000000
    1952.80   .290673   .004058   .0000000
    1952.85   .273678  -.093103   .0000000
    1952.90   .201204  -.160920   .0000000
    1952.95   .092473  -.181244   .0000000
    1953.00   .123811  -.231433   .0000000
    1953.05  -.059768  -.287803   .0000000
    1953.10  -.099969  -.181194   .0000000
    1953.15  -.117820  -.081862   .0000000
    1953.20  -.288724  -.112507   .0000000
    1953.25  -.256646  -.080086   .0000000
    1953.30  -.275672   .047975   .0000000
    1953.35  -.343300   .172800   .0000000
    1953.40  -.325734   .244282   .0000000
    1953.45  -.275838   .294124   .0000000
    1953.50  -.079095   .448538   .0000000
    1953.55  -.029260   .528535   .0000000
    1953.60   .021387   .421200   .0000000
    1953.65   .022300   .491500   .0000000
    1953.70   .219443   .448367   .0000000
    1953.75   .204160   .288329   .0000000
    1953.80   .197400   .214300   .0000000
    1953.85   .224082   .155717   .0000000
    1953.90   .236336   .022065   .0000000
    1953.95   .184200   .032600   .0000000
    1954.00   .136603  -.090735   .0000000
    1954.05   .015320  -.126354   .0000000
    1954.10   .036575  -.126953   .0000000
    1954.15  -.024887  -.150786   .0000000
    1954.20  -.154021  -.147087   .0000000
    1954.25  -.164556  -.108061   .0000000
    1954.30  -.195623  -.112539   .0000000
    1954.35  -.239513  -.079926   .0000000
    1954.40  -.212137   .053878   .0000000
    1954.45  -.133960   .116843   .0000000
    1954.50  -.215416   .144317   .0000000
    1954.55  -.127059   .218349   .0000000
    1954.60  -.161882   .209542   .0000000
    1954.65   .022753   .272072   .0000000
    1954.70  -.093222   .296413   .0000000
    1954.75  -.075965   .339411   .0000000
    1954.80   .010000   .310600   .0000000
    1954.85  -.019012   .279865   .0000000
    1954.90  -.029023   .206222   .0000000
    1954.95   .099499   .204533   .0000000
    1955.00   .017291   .175152   .0000000
    1955.05   .124344   .144779   .0000000
    1955.10   .029988   .049576   .0000000
    1955.15   .124568   .140522   .0000000
    1955.20   .158988   .106674   .0000000
    1955.25   .105321   .083753   .0000000
    1955.30   .046473  -.027556   .0000000
    1955.35   .065044  -.038566   .0000000
    1955.40   .041687  -.021509   .0000000
    1955.45  -.001269  -.080686   .0000000
    1955.50  -.055935  -.006263   .0000000
    1955.55   .003124   .039639   .0000000
    1955.60  -.109785   .034162   .0000000
    1955.65  -.137337   .039769   .0000000
    1955.70  -.226992   .043228   .0000000
    1955.75  -.229553   .066146   .0000000
    1955.80  -.219600   .137300   .0000000
    1955.85  -.189281   .159204   .0000000
    1955.90  -.219306   .167037   .0000000
    1955.95  -.203131   .233918   .0000000
    1956.00  -.070247   .341707   .0000000
    1956.05  -.007398   .192673   .0000000
    1956.10   .016713   .339190   .0000000
    1956.15   .038798   .279099   .0000000
    1956.20   .117409   .334384   .0000000
    1956.25   .083759   .248766   .0000000
    1956.30   .152189   .209354   .0000000
    1956.35   .160798   .161261   .0000000
    1956.40   .211912   .132122   .0000000
    1956.45   .219468   .113755   .0000000
    1956.50   .212688   .021181   .0000000
    1956.55   .169132  -.055280   .0000000
    1956.60   .146149   .000797   .0000000
    1956.65   .059496  -.049301   .0000000
    1956.70   .018377  -.044723   .0000000
    1956.75  -.050507  -.037579   .0000000
    1956.80  -.204692  -.059809   .0000000
    1956.85  -.228535   .004844   .0000000
    1956.90  -.318792   .068497   .0000000
    1956.95  -.290530   .108736   .0000000
    1957.00  -.401787   .175879   .0000000
    1957.05  -.340710   .217146   .0000000
    1957.10  -.222754   .314496   .0000000
    1957.15  -.224552   .381610   .0000000
    1957.20  -.194858   .441895   .0000000
    1957.25  -.099300   .411100   .0000000
    1957.30   .007920   .425095   .0000000
    1957.35   .076323   .453030   .0000000
    1957.40   .152477   .481943   .0000000
    1957.45   .235240   .383132   .0000000
    1957.50   .240076   .308449   .0000000
    1957.55   .292684   .272059   .0000000
    1957.60   .345486   .208463   .0000000
    1957.65   .271110   .018347   .0000000
    1957.70   .229000  -.058924   .0000000
    1957.75   .126351  -.051070   .0000000
    1957.80   .039747  -.126282   .0000000
    1957.85  -.003182  -.164541   .0000000
    1957.90  -.069900  -.130259   .0000000
    1957.95  -.209601  -.084401   .0000000
    1958.00  -.305232  -.027916   .0000000
    1958.05  -.343994   .036549   .0000000
    1958.10  -.333001   .173344   .0000000
    1958.15  -.335927   .215384   .0000000
    1958.20  -.305676   .288831   .0000000
    1958.25  -.300800   .338700   .0000000
    1958.30  -.179030   .409116   .0000000
    1958.35  -.101308   .407552   .0000000
    1958.40  -.041921   .434062   .0000000
    1958.45   .051783   .422110   .0000000
    1958.50   .098517   .451402   .0000000
    1958.55   .180900   .370800   .0000000
    1958.60   .203233   .334686   .0000000
    1958.65   .303286   .248765   .0000000
    1958.70   .276253   .146280   .0000000
    1958.75   .267226   .075078   .0000000
    1958.80   .266128   .119921   .0000000
    1958.85   .213073  -.055607   .0000000
    1958.90   .164238  -.060513   .0000000
    1958.95   .101815  -.044255   .0000000
    1959.00   .016105  -.129490   .0000000
    1959.05  -.095165  -.054368   .0000000
    1959.10  -.153168  -.068371   .0000000
    1959.15  -.195475  -.058794   .0000000
    1959.20  -.253927   .017351   .0000000
    1959.25  -.238076   .061599   .0000000
    1959.30  -.240657   .198641   .0000000
    1959.35  -.252739   .262649   .0000000
    1959.40  -.214144   .308577   .0000000
    1959.45  -.142987   .396049   .0000000
    1959.50  -.037927   .401546   .0000000
    1959.55  -.034800   .382000   .0000000
    1959.60   .106849   .415365   .0000000
    1959.65   .129032   .368627   .0000000
    1959.70   .175804   .336333   .0000000
    1959.75   .222541   .303817   .0000000
    1959.80   .203199   .215274   .0000000
    1959.85   .202366   .197922   .0000000
    1959.90   .175341   .085444   .0000000
    1959.95   .132030   .058528   .0000000
    1960.00   .008173   .006252   .0000000
    1960.05  -.003037  -.014016   .0000000
    1960.10  -.096783  -.064746   .0000000
    1960.15  -.049029  -.015531   .0000000
    1960.20  -.070352   .005059   .0000000
    1960.25  -.093472  -.033430   .0000000
    1960.30  -.144743   .036124   .0000000
    1960.35  -.136289   .091137   .0000000
    1960.40  -.185600   .139573   .0000000
    1960.45  -.144215   .156992   .0000000
    1960.50  -.093892   .234106   .0000000
    1960.55  -.141900   .251100   .0000000
    1960.60  -.082108   .224170   .0000000
    1960.65  -.054888   .246897   .0000000
    1960.70   .000500   .272000   .0000000
    1960.75   .027616   .261292   .0000000
    1960.80   .028359   .217569   .0000000
    1960.85  -.026324   .268219   .0000000
    1960.90   .045255   .178998   .0000000
    1960.95   .018041   .148022   .0000000
    1961.00  -.010002   .178091   .0000000
    1961.05   .014227   .129318   .0000000
    1961.10  -.034519   .135146   .0000000
    1961.15   .020541   .071804   .0000000
    1961.20  -.008860   .093978   .0000000
    1961.25  -.009493   .077921   .0000000
    1961.30  -.013247   .104033   .0000000
    1961.35  -.011871   .106863   .0000000
    1961.40  -.055595   .050930   .0000000
    1961.45  -.006478   .093211   .0000000
    1961.50  -.052932   .075634   .0000000
    1961.55  -.008206   .085606   .0000000
    1961.60  -.051487   .123137   .0000000
    1961.65  -.017757   .095707   .0000000
    1961.70  -.062010   .097662   .0000000
    1961.75  -.081090   .089862   .0000000
    1961.80  -.110423   .077764   .0000000
    1961.85  -.090300   .114700   .0000000
    1961.90  -.167482   .169747   .0000000
    1961.95  -.142626   .162677   .0000000
    1962.00  -.033900   .203700   .0376300
    1962.05  -.050170   .211840   .0338900
    1962.10  -.002320   .229940   .0290470
    1962.15   .006920   .252420   .0240100
    1962.20   .024920   .267420   .0164880
    1962.25   .036710   .249550   .0102410
    1962.30   .072420   .225380  -.0005960
    1962.35   .094690   .208290  -.0104660
    1962.40   .093250   .193210  -.0187080
    1962.45   .107960   .129190  -.0156280
    1962.50   .095310   .127660  -.0096470
    1962.55   .086920   .113560   .0013710
    1962.60   .069240   .063740   .0066930
    1962.65   .055400   .049150   .0122100
    1962.70   .008500   .041810   .0142490
    1962.75  -.014150   .060290   .0105620
    1962.80  -.066110   .050990   .0038340
    1962.85  -.113040   .105830  -.0066870
    1962.90  -.153970   .139440  -.0175860
    1962.95  -.160030   .176030  -.0286510
    1963.00  -.205590   .212120  -.0332190
    1963.05  -.201720   .264370  -.0339840
    1963.10  -.173000   .287920  -.0309280
    1963.15  -.148670   .335970  -.0308550
    1963.20  -.099870   .335960  -.0392730
    1963.25  -.044310   .360350  -.0507330
    1963.30   .021450   .354760  -.0615850
    1963.35   .093210   .324570  -.0762480
    1963.40   .152910   .306570  -.0852720
    1963.45   .175600   .263720  -.0898040
    1963.50   .230800   .226120  -.0911400
    1963.55   .218840   .193180  -.0850800
    1963.60   .207420   .115940  -.0800220
    1963.65   .148670   .085350  -.0829150
    1963.70   .096090   .028620  -.0876470
    1963.75   .053710  -.010670  -.0974610
    1963.80  -.017030  -.023980  -.1141360
    1963.85  -.106000  -.008970  -.0370110
    1963.90  -.162800   .001510  -.0481380
    1963.95  -.172400   .042730  -.0669830
    1964.00  -.225800   .073470  -.0808460
    1964.05  -.277190   .142370  -.0959270
    1964.10  -.316290   .213450  -.1133170
    1964.15  -.278600   .281690  -.1248710
    1964.20  -.246040   .323490  -.1403400
    1964.25  -.179450   .390780  -.0597570
    1964.30  -.106780   .417820  -.0730700
    1964.35  -.051130   .465850  -.0918930
    1964.40  -.000180   .454570  -.1099970
    1964.45   .070820   .457390  -.1212000
    1964.50   .122250   .410720  -.1147420
    1964.55   .188300   .371690  -.1164510
    1964.60   .233650   .317960  -.1142910
    1964.65   .243950   .251720  -.1118720
    1964.70   .228520   .159640  -.0165730
    1964.75   .202930   .093010  -.0291840
    1964.80   .163200   .037870  -.0476800
    1964.85   .107390   .018400  -.0671060
    1964.90   .042310  -.014260  -.0837400
    1964.95  -.022710  -.019620  -.1003350
    1965.00  -.089890  -.005080  -.0182700
    1965.05  -.109340  -.011770  -.0248210
    1965.10  -.187520   .079690  -.0413790
    1965.15  -.220180   .108850  -.0595530
    1965.20  -.239960   .170890   .0201840
    1965.25  -.239880   .232370  -.0057010
    1965.30  -.221390   .286720  -.0330600
    1965.35  -.177010   .329310  -.0487050
    1965.40  -.151550   .380270  -.0661190
    1965.45  -.115410   .406270  -.0832370
    1965.50  -.033960   .439390   .0111050
    1965.55   .047390   .425360   .0060030
    1965.60   .084440   .411480  -.0046230
    1965.65   .105520   .371940  -.0087120
    1965.70   .137420   .304360   .0758570
    1965.75   .168630   .248710   .0544290
    1965.80   .200590   .176560   .0353090
    1965.85   .178810   .143930   .0119610
    1965.90   .158060   .087030  -.0139660
    1965.95   .115300   .054420  -.0327310
    1966.00   .047900   .005530  -.0467430
    1966.05   .003210   .018400  -.0442320
    1966.10  -.020370   .017330  -.0397280
    1966.15  -.092720   .042830  -.0398940
    1966.20  -.126630   .060540  -.0393290
    1966.25  -.126250   .087680  -.0396900
    1966.30  -.167720   .130720  -.0463990
    1966.35  -.161730   .172470  -.0516050
    1966.40  -.151510   .196200  -.0495510
    1966.45  -.128550   .234880  -.0432800
    1966.50  -.124150   .306450  -.0321410
    1966.55  -.081600   .310620  -.0125560
    1966.60  -.055550   .328730   .0003880
    1966.65  -.017090   .338450   .0095020
    1966.70   .006590   .333040   .0161450
    1966.75   .042120   .311320   .0146070
    1966.80   .091960   .283830   .0121820
    1966.85   .094580   .252760   .0098330
    1966.90   .116210   .220110   .0051870
    1966.95   .135490   .172910   .0058710
    1967.00   .097100   .162300   .0124750
    1967.05   .070010   .139910   .0184380
    1967.10   .048010   .130910   .0211400
    1967.15   .032320   .139020   .0229620
    1967.20   .014320   .136220   .0194950
    1967.25   .005330   .130830   .0167670
    1967.30  -.008570   .144330   .0133100
    1967.35  -.013670   .164530   .0065720
    1967.40  -.008560   .148640   .0071750
    1967.45   .003850   .168250   .0176880
    1967.50  -.011850   .176050   .0301300
    1967.55  -.008350   .193960   .0477730
    1967.60  -.011740   .189260   .0663160
    1967.65  -.001430   .186370   .0768980
    1967.70  -.029530   .191370   .0890110
    1967.75  -.033830   .184480   .0963740
    1967.80  -.030620   .195580   .0971770
    1967.85  -.035120   .205980   .0953500
    1967.90  -.026910   .212290   .0952730
    1967.95  -.026200   .222600   .0931660
    1968.00  -.034000   .239700   .0951090
    1968.05  -.005100   .237510   .0987210
    1968.10  -.004790   .238810  -.0023360
    1968.15  -.001680   .237720  -.0036230
    1968.20   .030920   .241420  -.0012590
    1968.25   .015230   .230330  -.0024360
    1968.30   .046430   .242330  -.0107430
    1968.35   .060630   .223740  -.0118800
    1968.40   .057340   .203640  -.0136970
    1968.45   .059250   .198750  -.0100140
    1968.50   .068150   .173950   .0057390
    1968.55   .067460   .166360   .0170720
    1968.60   .052060   .142860   .0302750
    1968.65   .027070   .135670   .0354390
    1968.70   .005570   .135770   .0390020
    1968.75  -.013830   .118780   .0406750
    1968.80  -.042020   .106380   .0419680
    1968.85  -.084920   .124390   .0356310
    1968.90  -.139410   .147490   .0341150
    1968.95  -.126810   .185200   .0350180
    1969.00  -.139900   .214900   .0335710
    1969.05  -.124100   .251100   .0372640
    1969.10  -.106290   .262510   .0391280
    1969.15  -.095880   .326120   .0309210
    1969.20  -.079080   .337320   .0246540
    1969.25  -.036380   .347630   .0124870
    1969.30  -.000970   .351930   .0000710
    1969.35   .055030   .361340  -.0043960
    1969.40   .090640   .316240  -.0064830
    1969.45   .125150   .295450  -.0097100
    1969.50   .133450   .267750   .0040040
    1969.55   .150150   .228760   .0133570
    1969.60   .134960   .187660   .0232700
    1969.65   .117370   .136570   .0362230
    1969.70   .095770   .114170   .0343170
    1969.75   .058680   .100680   .0285300
    1969.80   .011380   .065480   .0246530
    1969.85  -.011720   .063480   .0178860
    1969.90  -.062210   .070390   .0119090
    1969.95  -.122410   .082300   .0067420
    1970.00  -.163200   .117800   .0047260
    1970.05  -.200400   .175210  -.0043710
    1970.10  -.217990   .213110  -.0072880
    1970.15  -.167580   .287720  -.0178350
    1970.20  -.155880   .325820  -.0272820
    1970.25  -.140180   .357830  -.0373190
    1970.30  -.092070   .388230  -.0515660
    1970.35  -.036570   .394540  -.0614930
    1970.40   .009940   .407740  -.0624500
    1970.45   .077750   .394750  -.0622170
    1970.50   .130150   .370950  -.0542940
    1970.55   .166660   .330060  -.0435010
    1970.60   .200960   .262860  -.0298880
    1970.65   .205070   .222970  -.0204550
    1970.70   .196270   .160070  -.0125620
    1970.75   .178680   .101880  -.0144890
    1970.80   .141580   .043980  -.0185570
    1970.85   .064680   .026980  -.0256240
    1970.90   .013790   .006190  -.0358210
    1970.95  -.045910  -.008500  -.0395080
    1971.00  -.094800   .014300  -.0386560
    1971.05  -.145000   .063100  -.0423130
    1971.10  -.193590   .108210  -.0417900
    1971.15  -.226190   .164220  -.0385280
    1971.20  -.248080   .221720  -.0447450
    1971.25  -.221480   .298620  -.0573030
    1971.30  -.200070   .353230  -.0652400
    1971.35  -.187870   .384540  -.0779880
    1971.40  -.131860   .428740  -.0875360
    1971.45  -.046460   .458050  -.0888030
    1971.50   .029850   .466050  -.0875110
    1971.55   .104850   .444960  -.0828490
    1971.60   .162960   .400160  -.0790560
    1971.65   .211970   .361270  -.0778240
    1971.70   .233970   .304470  -.0821020
    1971.75   .225880   .218780  -.0877900
    1971.80   .208880   .167780  -.1047780
    1971.85   .181790   .101490  -.1220760
    1971.90   .140590   .071290  -.1384440
    1971.95   .084400   .039100  -.1490720
    1972.00   .031820   .019710  -.0474900
    1972.05  -.029350   .019540  -.1025340
    1972.10  -.085000   .023390  -.1641870
    1972.15  -.113320   .038780  -.2239540
    1972.20  -.170800   .100130  -.2844970
    1972.25  -.178190   .157660  -.3489940
    1972.30  -.193440   .216340  -.4137270
    1972.35  -.177900   .273960  -.4751870
    1972.40  -.148990   .302730  -.5400640
    1972.45  -.101340   .350600  -.5937930
    1972.50  -.048730   .379110   .3591600
    1972.55   .000850   .403050   .3124850
    1972.60   .057740   .404590   .2662670
    1972.65   .089870   .408890   .2208620
    1972.70   .119360   .367470   .1685090
    1972.75   .125150   .330830   .1107640
    1972.80   .161790   .292310   .0507720
    1972.85   .164080   .229730  -.0089650
    1972.90   .154490   .213280  -.0670860
    1972.95   .142830   .172430  -.1269170
    1973.00   .123610   .125710   .8114390
    1973.05   .091980   .093390   .7545430
    1973.10   .055100   .086390   .6973530
    1973.15   .024830   .089030   .6317400
    1973.20  -.023270   .093100   .5731350
    1973.25  -.050430   .105840   .5070570
    1973.30  -.090950   .145940   .4422160
    1973.35  -.107840   .174450   .3817300
    1973.40  -.116560   .201930   .3252920
    1973.45  -.109350   .245230   .2701480
    1973.50  -.097490   .273170   .2259990
    1973.55  -.074020   .300780   .1814520
    1973.60  -.053250   .315260   .1350890
    1973.65  -.014030   .319880   .0897480
    1973.70   .014500   .323150   .0381470
    1973.75   .034570   .333410  -.0166510
    1973.80   .069270   .331530  -.0721010
    1973.85   .082930   .288210  -.1313010
    1973.90   .094550   .270630  -.1950090
    1973.95   .105000   .265120  -.2487100
    1974.00   .113200   .225230   .7002310
    1974.05   .091980   .203370   .6520660
    1974.10   .077870   .176520   .6063570
    1974.15   .078890   .171530   .5537260
    1974.20   .050750   .157750   .4983770
    1974.25   .029950   .179730   .4438800
    1974.30   .029220   .187280   .3871170
    1974.35   .015470   .182320   .3220300
    1974.40   .005080   .179910   .2706650
    1974.45  -.016260   .187160   .2230120
    1974.50   .019490   .195670   .1828640
    1974.55   .022340   .210720   .1474170
    1974.60   .019950   .212310   .1109470
    1974.65   .016610   .209630   .0663730
    1974.70   .010980   .202280   .0252920
    1974.75   .003730   .216240  -.0251410
    1974.80  -.012130   .232720  -.0802570
    1974.85  -.024480   .240310  -.1325930
    1974.90  -.033410   .254200  -.1905590
    1974.95  -.043730   .267890  -.2441870
    1975.00  -.050120   .270650   .7083150
    1975.05  -.053700   .285590   .6585310
    1975.10  -.030920   .306400   .6055510
    1975.15  -.019500   .329540   .5525990
    1975.20   .010660   .335300   .5013940
    1975.25   .043890   .337490   .4422900
    1975.30   .070800   .313520   .3887900
    1975.35   .089170   .296380   .3321200
    1975.40   .103620   .270190   .2824180
    1975.45   .125630   .246550   .2386220
    1975.50   .146030   .234320   .1972230
    1975.55   .132900   .199120   .1637560
    1975.60   .126320   .176400   .1307220
    1975.65   .119740   .152660   .0878550
    1975.70   .092300   .118640   .0444550
    1975.75   .062280   .103450  -.0020730
    1975.80   .020950   .098770  -.0586960
    1975.85  -.041700   .103980  -.1161850
    1975.90  -.072420   .130280  -.1711520
    1975.95  -.127410   .157660  -.2229470
    1976.00  -.144340   .193270   .7251490
    1976.05  -.151500   .247180   .6775030
    1976.10  -.156180   .289100   .6214200
    1976.15  -.145290   .329230   .5693700
    1976.20  -.117400   .367510   .5147140
    1976.25  -.095400   .393190   .4538780
    1976.30  -.041730   .425870   .3908040
    1976.35  -.008800   .433170   .3343790
    1976.40   .046660   .423870   .2739120
    1976.45   .111730   .401030   .2245910
    1976.50   .156480   .370970   .1856130
    1976.55   .195270   .330200   .1405230
    1976.60   .229060   .289950   .0972370
    1976.65   .235790   .241180   .0569540
    1976.70   .220780   .189190   .0056210
    1976.75   .172600   .157950  -.0542780
    1976.80   .159550   .117960  -.1129530
    1976.85   .113500   .093390  -.1756720
    1976.90   .053590   .071240  -.2292200
    1976.95  -.004070   .065610  -.2824520
    1977.00  -.068560   .069220   .6657090
    1977.05  -.139290   .118540   .6143360
    1977.10  -.188740   .156640   .5651410
    1977.15  -.226790   .231150   .5121100
    1977.20  -.228460   .290850   .4600880
    1977.25  -.216780   .362450   .4021850
    1977.30  -.174880   .414280   .3418380
    1977.35  -.133880   .458560   .2827490
    1977.40  -.071690   .489080   .2309290
    1977.45   .012030   .504510   .1838870
    1977.50   .082770   .495390   .1468180
    1977.55   .149380   .454360   .1142770
    1977.60   .210730   .410780   .0768320
    1977.65   .249250   .351780   .0408590
    1977.70   .269380   .292600  -.0085350
    1977.75   .263020   .222970  -.0636710
    1977.80   .243710   .151260  -.1196200
    1977.85   .195430   .095930  -.1771710
    1977.90   .133680   .061560  -.2363140
    1977.95   .063460   .030340  -.2912280
    1978.00  -.000350   .027050   .6495220
    1978.05  -.067600   .036990   .5903240
    1978.10  -.136660   .072860   .5357610
    1978.15  -.182100   .105900   .4701360
    1978.20  -.214500   .163140   .4061470
    1978.25  -.236230   .234600   .3442840
    1978.30  -.229900   .312160   .2835510
    1978.35  -.200940   .379730   .2243820
    1978.40  -.157910   .433860   .1677820
    1978.45  -.110240   .468530   .1209930
    1978.50  -.044260   .492280   .0799780
    1978.55   .033760   .496900   .0461430
    1978.60   .098530   .478150   .0128410
    1978.65   .150640   .444140  -.0312900
    1978.70   .194320   .408640  -.0754340
    1978.75   .221790   .353150  -.1252120
    1978.80   .234780   .290520  -.1826230
    1978.85   .228930   .229200  -.2362770
    1978.90   .196110   .176960  -.2927440
    1978.95   .169350   .117020  -.3501350
    1979.00   .140600   .085500   .5990550
    1979.05   .098400   .059560   .5436940
    1979.10   .023200   .064460   .4873690
    1979.15  -.017580   .069020   .4372970
    1979.20  -.067290   .087350   .3838980
    1979.25  -.111680   .125490   .3253590
    1979.30  -.137550   .174350   .2698590
    1979.35  -.152140   .218350   .2124640
    1979.40  -.158240   .263800   .1596610
    1979.45  -.145410   .301690   .1196450
    1979.50  -.120340   .348910   .0786440
    1979.55  -.093020   .378590   .0405690
    1979.60  -.032280   .404160   .0082610
    1979.65   .013040   .420310  -.0308800
    1979.70   .053770   .423000  -.0723390
    1979.75   .087730   .410920  -.1151000
    1979.80   .103920   .386840  -.1669670
    1979.85   .133930   .357770  -.2160390
    1979.90   .132630   .322640  -.2606420
    1979.95   .135250   .285040  -.3086520
    1980.00   .142150   .250260   .6449390
    1980.05   .121150   .224530   .5994770
    1980.10   .089390   .199240   .5548120
    1980.15   .064250   .182700   .5085250
    1980.20   .043590   .179240   .4666600
    1980.25   .012160   .187460   .4165130
    1980.30  -.020440   .201760   .3666940
    1980.35  -.043480   .221870   .3219240
    1980.40  -.052250   .240890   .2763230
    1980.45  -.054760   .259160   .2387700
    1980.50  -.051620   .282750   .2063630
    1980.55  -.039350   .301970   .1755970
    1980.60  -.035550   .314750   .1452760
    1980.65  -.030090   .328120   .1151990
    1980.70  -.030200   .337170   .0750790
    1980.75  -.023160   .345640   .0300980
    1980.80  -.012370   .358870  -.0127940
    1980.85   .000830   .366600  -.0624580
    1980.90   .022640   .373160  -.1078580
    1980.95   .049120   .373030  -.1500100
    1981.00   .070580   .360660  -.1953270
    1981.05   .077000   .348400  -.2391430
    1981.10   .089260   .329090  -.2776990
    1981.15   .084840   .315780  -.3202690
    1981.20   .090210   .304230  -.3727280
    1981.25   .101630   .289720  -.4159950
    1981.30   .096310   .268760  -.4685540
    1981.35   .093750   .257220  -.5165520
    1981.40   .090250   .241670  -.5587390
    1981.45   .078570   .226280  -.6009320
    1981.50   .068150   .210210   .3698510
    1981.55   .059540   .193490   .3498320
    1981.60   .033080   .184820   .3198500
    1981.65   .004150   .185370   .2918900
    1981.70  -.024140   .193490   .2653000
    1981.75  -.060920   .209640   .2228820
    1981.80  -.084890   .235550   .1804970
    1981.85  -.104520   .264190   .1393580
    1981.90  -.110340   .298730   .0957520
    1981.95  -.112180   .336860   .0571520
    1982.00  -.093080   .376820   .0184280
    1982.05  -.056710   .406900  -.0233770
    1982.10  -.029250   .429470  -.0576400
    1982.15   .016930   .440390  -.0968960
    1982.20   .062800   .438790  -.1429420
    1982.25   .108360   .429570  -.1860770
    1982.30   .144250   .410160  -.2324500
    1982.35   .175760   .379360  -.2826500
    1982.40   .202440   .335180  -.3212050
    1982.45   .227390   .284220  -.3589540
    1982.50   .225400   .235390   .6073090
    1982.55   .211690   .183440   .5824430
    1982.60   .188000   .139540   .5595280
    1982.65   .147580   .100920   .5266190
    1982.70   .090980   .077680   .4890550
    1982.75   .028040   .068920   .4484150
    1982.80  -.036070   .079650   .4039600
    1982.85  -.092580   .099410   .3645380
    1982.90  -.143280   .139280   .3204710
    1982.95  -.184870   .194480   .2722880
    1983.00  -.202510   .257960   .2276730
    1983.05  -.208590   .319420   .1807080
    1983.10  -.188080   .386630   .1215960
    1983.15  -.166980   .446850   .0712980
    1983.20  -.130670   .499770   .0173990
    1983.25  -.060990   .541150  -.0393690
    1983.30   .018010   .561080  -.0893990
    1983.35   .089520   .551750  -.1353850
    1983.40   .165160   .528540  -.1815520
    1983.45   .220450   .481900  -.2193950
    1983.50   .270130   .421220   .7475800
    1983.55   .307330   .346400   .7215090
    1983.60   .323430   .271320   .6952120
    1983.65   .311990   .193620   .6642850
    1983.70   .270820   .123360   .6298510
    1983.75   .212870   .065270   .5983220
    1983.80   .144260   .027540   .5583590
    1983.85   .061990   .014950   .5132280
    1983.90  -.016890   .026220   .4716860
    1983.95  -.085210   .050470   .4337780
    1984.00  -.133280   .091680   .3954610
    1984.05  -.178600   .145720   .3663980
    1984.10  -.217680   .203540   .3393920
    1984.15  -.239790   .267220   .3071050
    1984.20  -.240330   .342950   .2769000
    1984.25  -.215180   .414620   .2386810
    1984.30  -.165880   .478570   .2012160
    1984.35  -.103940   .529520   .1686240
    1984.40  -.036610   .557690   .1381370
    1984.45   .043530   .559030   .1142480
    1984.50   .118910   .544370   .0977110
    1984.55   .192030   .505220   .0854250
    1984.60   .256550   .452690   .0683640
    1984.65   .294920   .386890   .0497870
    1984.70   .308190   .317250   .0228220
    1984.75   .311850   .246370  -.0075050
    1984.80   .284570   .180700  -.0363910
    1984.85   .247250   .123390  -.0715010
    1984.90   .198900   .081750  -.1028830
    1984.95   .127310   .041390  -.1301440
    1985.00   .045080   .022560  -.1575460
    1985.05  -.021710   .036290  -.1889130
    1985.10  -.079030   .063220  -.2116370
    1985.15  -.133690   .102890  -.2407380
    1985.20  -.185320   .156740  -.2736890
    1985.25  -.201050   .230230  -.3070830
    1985.30  -.195870   .298580  -.3429910
    1985.35  -.182010   .364520  -.3771130
    1985.40  -.138460   .418650  -.4025590
    1985.45  -.095300   .459340  -.4317500
    1985.50  -.043950   .483270   .5478600
    1985.55   .017740   .494700   .5395290
    1985.60   .076740   .494160   .5251140
    1985.65   .135950   .477470   .5115900
    1985.70   .182620   .445550   .4948280
    1985.75   .211380   .402010   .4660470
    1985.80   .227170   .347600   .4338690
    1985.85   .228420   .297330   .4018540
    1985.90   .228310   .251090   .3668480
    1985.95   .209470   .210230   .3364070
    1986.00   .185940   .170580   .3132290
    1986.05   .148620   .136920   .2869110
    1986.10   .097820   .120120   .2595480
    1986.15   .050650   .114890   .2343500
    1986.20  -.004480   .120220   .2069080
    1986.25  -.045110   .137800   .1831500
    1986.30  -.074620   .174240   .1553600
    1986.35  -.091050   .210930   .1220280
    1986.40  -.103510   .248370   .0984900
    1986.45  -.097870   .286570   .0863460
    1986.50  -.071490   .325960   .0698390
    1986.55  -.044780   .356680   .0591900
    1986.60  -.017440   .376640   .0494220
    1986.65   .010780   .391720   .0327720
    1986.70   .039560   .398150   .0179060
    1986.75   .061300   .393670  -.0068750
    1986.80   .085600   .389850  -.0389540
    1986.85   .108410   .379180  -.0658570
    1986.90   .121680   .358470  -.0899120
    1986.95   .139690   .333040  -.1163700
    1987.00   .146260   .313070  -.1380760
    1987.05   .139250   .286810  -.1601160
    1987.10   .129080   .265690  -.1865420
    1987.15   .122130   .247910  -.2129500
    1987.20   .110320   .223500  -.2463650
    1987.25   .094220   .212870  -.2807030
    1987.30   .072280   .204670  -.3086560
    1987.35   .053320   .200540  -.3362570
    1987.40   .030170   .199490  -.3639160
    1987.45   .015310   .199420  -.3832670
    1987.50  -.006420   .206770  -.3985660
    1987.55  -.025810   .218770  -.4124200
    1987.60  -.031970   .234330  -.4193230
    1987.65  -.037620   .254830  -.4346680
    1987.70  -.043540   .272020  -.4584800
    1987.75  -.055190   .296620  -.4825460
    1987.80  -.063220   .318760  -.5129600
    1987.85  -.060180   .341610  -.5455880
    1987.90  -.056330   .371220  -.5748670
    1987.95  -.049860   .395210  -.6043940
    1988.00  -.023960   .412730   .3641980
    1988.05   .004500   .424730   .3384500
    1988.10   .047020   .432110   .3144130
    1988.15   .067110   .430020   .2785320
    1988.20   .105530   .427540   .2471970
    1988.25   .133210   .406300   .2166860
    1988.30   .150780   .378320   .1792750
    1988.35   .171170   .354020   .1522840
    1988.40   .176460   .321580   .1225530
    1988.45   .165470   .287990   .0988100
    1988.50   .169520   .251610   .0898640
    1988.55   .162560   .216260   .0807490
    1988.60   .140250   .179670   .0689520
    1988.65   .106640   .154640   .0603010
    1988.70   .066470   .136560   .0448510
    1988.75   .009150   .129100   .0228930
    1988.80  -.050020   .138100  -.0018930
    1988.85  -.100790   .165460  -.0330640
    1988.90  -.138410   .207940  -.0653100
    1988.95  -.164740   .261170  -.0918720
    1989.00  -.160800   .315200  -.1150310
    1989.05  -.142800   .359530  -.1376110
    1989.10  -.118060   .400480  -.1614360
    1989.15  -.076130   .436720  -.1886810
    1989.20  -.027240   .466260  -.2181740
    1989.25   .029070   .480900  -.2452640
    1989.30   .085860   .481670  -.2761340
    1989.35   .127570   .470310  -.3109290
    1989.40   .169220   .445260  -.3388540
    1989.45   .204420   .412890  -.3680090
    1989.50   .239210   .364510  -.3859960
    1989.55   .259150   .312920  -.4009490
    1989.60   .259400   .255620  -.4214040
    1989.65   .250970   .197720  -.4424920
    1989.70   .217420   .146080  -.4611150
    1989.75   .165120   .105110  -.4903590
    1989.80   .098020   .083150  -.5228010
    1989.85   .031480   .074730  -.5592470
    1989.90  -.036820   .087780  -.6014820
    1989.95  -.090410   .118340  -.6390910
    1990.00  -.132820   .163800   .3294770
    1990.05  -.165870   .215080   .2971590
    1990.10  -.202780   .276390   .2614270
    1990.15  -.201680   .344430   .2205110
    1990.20  -.185180   .413230   .1791940
    1990.25  -.153910   .471710   .1351550
    1990.30  -.101550   .524360   .0948910
    1990.35  -.049070   .556830   .0554040
    1990.40   .025280   .572830   .0201240
    1990.45   .096160   .568570  -.0096640
    1990.50   .166980   .541670  -.0403750
    1990.55   .230520   .499990  -.0614930
    1990.60   .276540   .439320  -.0830990
    1990.65   .306230   .379690  -.1154370
    1990.70   .312300   .309110  -.1458280
    1990.75   .295990   .241750  -.1816860
    1990.80   .258290   .178550  -.2226650
    1990.85   .214630   .130690  -.2630650
    1990.90   .158460   .095450  -.3023270
    1990.95   .092590   .076290  -.3458130
    1991.00   .023070   .070420   .6189660
    1991.05  -.040210   .085850   .5788470
    1991.10  -.104560   .109710   .5375110
    1991.15  -.159350   .156090   .4982140
    1991.20  -.193710   .215880   .4563180
    1991.25  -.218250   .286330   .4101900
    1991.30  -.211540   .359670   .3695240
    1991.35  -.196100   .427740   .3269160
    1991.40  -.148030   .487300   .2852580
    1991.45  -.087780   .535430   .2509990
    1991.50  -.027600   .563210   .2244370
    1991.55   .049470   .572690   .1994110
    1991.60   .118890   .560660   .1792000
    1991.65   .172940   .527310   .1523860
    1991.70   .218130   .487510   .1145380
    1991.75   .251390   .434860   .0781450
    1991.80   .262130   .372840   .0419620
    1991.85   .263160   .317840   .0002900
    1991.90   .247290   .263630  -.0397540
    1991.95   .217400   .209210  -.0833930
    1992.00   .183430   .168250  -.1253090
    1992.05   .132860   .139720  -.1664230
    1992.10   .083410   .121340  -.2133580
    1992.15   .026850   .116920  -.2592480
    1992.20  -.034650   .126400  -.3037880
    1992.25  -.082680   .163990  -.3574120
    1992.30  -.115610   .203320  -.4102900
    1992.35  -.145550   .245630  -.4539040
    1992.40  -.156500   .291880  -.4959850
    1992.45  -.153110   .334650  -.5303330
    1992.50  -.140940   .381020   .4420910
    1992.55  -.115160   .420770   .4184490
    1992.60  -.077490   .459320   .3892290
    1992.65  -.031830   .492120   .3596050
    1992.70   .014530   .506730   .3231410
    1992.75   .055600   .503780   .2854080
    1992.80   .103120   .494250   .2458780
    1992.85   .137780   .473110   .1994080
    1992.90   .170750   .444760   .1538820
    1992.95   .187750   .406300   .1096390
    1993.00   .208200   .361780   .0639800
    1993.05   .212870   .311750   .0163900
    1993.10   .205710   .265790  -.0283100
    1993.15   .186400   .225690  -.0785000
    1993.20   .159450   .194090  -.1275600
    1993.25   .113650   .170110  -.1750500
    1993.30   .065420   .163930  -.2286500
    1993.35   .025160   .166410  -.2813400
    1993.40  -.005520   .177900  -.3249500
    1993.45  -.036590   .190810  -.3670900
    1993.50  -.063740   .211350   .5975800
    1993.55  -.073070   .234400   .5709200
    1993.60  -.091560   .266690   .5374700
    1993.65  -.101560   .302050   .5021000
    1993.70  -.099970   .336910   .4679700
    1993.75  -.095410   .370980   .4245500
    1993.80  -.080940   .403840   .3774500
    1993.85  -.062500   .428470   .3322200
    1993.90  -.041250   .448950   .2851400
    1993.95  -.019600   .464960   .2441700
    1994.00   .009200   .476210   .2006800
    1994.05   .054050   .478850   .1576400
    1994.10   .099840   .467200   .1161800
    1994.15   .137660   .448700   .0759200
    1994.20   .158340   .421910   .0247300
    1994.25   .175010   .390000  -.0223200
    1994.30   .183970   .356950  -.0662200
    1994.35   .186340   .317810  -.1154700
    1994.40   .180670   .281910  -.1586500
    1994.45   .160850   .243850  -.1904900
    1994.50   .134830   .210780   .7815600
    1994.55   .101460   .184820   .7562100
    1994.60   .067260   .172080   .7314100
    1994.65   .026570   .168170   .7029600
    1994.70  -.016290   .179410   .6665200
    1994.75  -.066370   .200140   .6249200
    1994.80  -.106130   .232880   .5793400
    1994.85  -.141410   .271820   .5355300
    1994.90  -.152620   .321150   .4935800
    1994.95  -.153790   .368190   .4476700
    1995.00  -.153720   .418090   .3991000
    1995.05  -.127450   .461200   .3532000
    1995.10  -.111580   .494070   .3028200
    1995.15  -.075420   .524080   .2573700
    1995.20  -.022770   .546010   .2056500
    1995.25   .035210   .558400   .1532400
    1995.30   .092910   .555900   .1027500
    1995.35   .162220   .532900   .0547700
    1995.40   .209220   .497340   .0067200
    1995.45   .254650   .443560  -.0324300
    1995.50   .281610   .378980  -.0635800
    1995.55   .287570   .308430  -.0926700
    1995.60   .273820   .237780  -.1136100
    1995.65   .237560   .179860  -.1418400
    1995.70   .189520   .133990  -.1803800
    1995.75   .135580   .105900  -.2213600
    1995.80   .066650   .085830  -.2632900
    1995.85   .002730   .084730  -.3084000
    1995.90  -.067070   .101140  -.3533700
    1995.95  -.138200   .136100  -.3981800
    1996.00  -.176160   .192180   .5551900
    1996.05  -.203930   .246410   .5221600
    1996.10  -.223380   .312950   .4899200
    1996.15  -.220960   .378460   .4499500
    1996.20  -.196520   .448570   .4092600
    1996.25  -.150870   .508690   .3699700
    1996.30  -.101690   .553340   .3258300
    1996.35  -.033850   .584490   .2846000
    1996.40   .040580   .595820   .2454400
    1996.45   .115360   .581210   .2114200
    1996.50   .181570   .545250   .1862900
    1996.55   .239170   .495410   .1659300
    1996.60   .267760   .436840   .1407800
    1996.65   .297160   .371810   .1230500
    1996.70   .290780   .296700   .0985300
    1996.75   .267110   .228290   .0638000
    1996.80   .227160   .171270   .0297800
    1996.85   .175940   .122030  -.0071800
    1996.90   .109730   .096200  -.0441600
    1996.95   .039500   .084250  -.0749400
    1997.00  -.020320   .095060  -.1096500
    1997.05  -.073030   .119750  -.1459800
    1997.10  -.124420   .156650  -.1730900
    1997.15  -.161820   .203960  -.2056400
    1997.20  -.186450   .263310  -.2482000
    1997.25  -.190710   .331710  -.2929300
    1997.30  -.174960   .396620  -.3387100
    1997.35  -.145010   .452930  -.3794300
    1997.40  -.098250   .498370  -.4162300
    1997.45  -.047990   .525350  -.4516000
    1997.50   .023090   .536790   .5261800
    1997.55   .088210   .526330   .5094900
    1997.60   .141170   .505000   .4812500
    1997.65   .181140   .467130   .4540400
    1997.70   .216860   .428130   .4276000
    1997.75   .221240   .378750   .3908700
    1997.80   .226280   .329150   .3513700
    1997.85   .214670   .278540   .3151900
    1997.90   .190380   .234080   .2784700
    1997.95   .151700   .201890   .2466500
    1998.00   .103371   .174919   .2187928
    1998.05   .051655   .167526   .1878736
    1998.10  -.005228   .173571   .1500342
    1998.15  -.051800   .188169   .1146000
    1998.20  -.079308   .220212   .0745974
    1998.25  -.110294   .254246   .0360847
    1998.30  -.113475   .301652   .0024942
    1998.35  -.114391   .344204  -.0345923
    1998.40  -.107406   .383854  -.0684825
    1998.45  -.099535   .414513  -.0887736
    1998.50  -.065007   .440850  -.1011400
    1998.55  -.021674   .465308  -.1082697
    1998.60   .017316   .478858  -.1146002
    1998.65   .058055   .476585  -.1250252
    1998.70   .097135   .465706  -.1418293
    1998.75   .125857   .444588  -.1587117
    1998.80   .149956   .418823  -.1862362
    1998.85   .163218   .388340  -.2147711
    1998.90   .154524   .350655  -.2401730
    1998.95   .137225   .321181  -.2653190
    1999.00   .138906   .296108   .7168562
    1999.05   .117532   .271385   .7014530
    1999.10   .100290   .252373   .6791687
    1999.15   .077098   .244566   .6561574
    1999.20   .054921   .239895   .6399826
    1999.25   .023809   .240618   .6145151
    1999.30   .001100   .248865   .5879676
    1999.35  -.017471   .262305   .5664931
    1999.40  -.023004   .281431   .5435885
    1999.45  -.031745   .296763   .5267825
    1999.50  -.031910   .311187   .5198637
    1999.55  -.024948   .330418   .5120479
    1999.60  -.014139   .345615   .5055648
    1999.65  -.008467   .361644   .4977768
    1999.70   .002079   .370914   .4819857
    1999.75   .006586   .379679   .4688203
    1999.80   .015741   .382597   .4506114
    1999.85   .024443   .379545   .4230946
    1999.90   .032087   .377378   .3974911
    1999.95   .037562   .380865   .3782104
    2000.00   .043300   .377661   .3554817
    2000.05   .052375   .375702   .3413574
    2000.10   .060632   .372427   .3250578
    2000.15   .067994   .365396   .3071171
    2000.20   .074610   .357979   .2899885
    2000.25   .075437   .346051   .2762541
    2000.30   .082353   .343278   .2552646
    2000.35   .088049   .332016   .2358447
    2000.40   .096303   .321406   .2198842
    2000.45   .113565   .304386   .2064913
    2000.50   .110079   .279086   .2040804
    2000.55   .096137   .261702   .2004203
    2000.60   .083088   .248498   .1987985
    2000.65   .058388   .242745   .1949233
    2000.70   .025972   .239588   .1871360
    2000.75  -.005722   .246917   .1747298
    2000.80  -.036045   .262831   .1600032
    2000.85  -.059965   .292223   .1391654
    2000.90  -.076915   .325404   .1205337
    2000.95  -.082660   .357017   .1045817
    2001.00  -.074006   .396764   .0936988
    2001.05  -.060835   .427064   .0806986
    2001.10  -.032401   .451341   .0762852
    2001.15   .004327   .475921   .0624390
    2001.20   .044840   .486196   .0388944
    2001.25   .091974   .489418   .0251539
    2001.30   .139116   .477702   .0096675
    2001.35   .178791   .452008  -.0088652
    2001.40   .215170   .409242  -.0228961
    2001.45   .242795   .359595  -.0245445
    2001.50   .254005   .304725  -.0278187
    2001.55   .247620   .249184  -.0254430
    2001.60   .220968   .199893  -.0206066
    2001.65   .175053   .158811  -.0281492
    2001.70   .125932   .132198  -.0304154
    2001.75   .064697   .117778  -.0383976
    2001.80   .001422   .120744  -.0558549
    2001.85  -.061030   .140506  -.0697006
    2001.90  -.103646   .180496  -.0868556
    2001.95  -.153361   .228492  -.1008918
    2002.00  -.176817   .292216  -.1154380
    2002.05  -.178852   .348438  -.1269166
    2002.10  -.163183   .406360  -.1417309
    2002.15  -.135832   .461499  -.1552923
    2002.20  -.088799   .513379  -.1739301
    2002.25  -.027634   .540974  -.1901581
    2002.30   .029239   .554816  -.2007113
    2002.35   .092521   .550437  -.2137458
    2002.40   .142157   .534179  -.2303514
    2002.45   .192923   .504114  -.2287794
    2002.50   .228889   .458092  -.2296246
    2002.55   .244514   .404459  -.2327614
    2002.60   .257521   .348296  -.2240428
    2002.65   .254939   .295393  -.2248033
    2002.70   .235509   .242129  -.2303263
    2002.75   .197659   .199413  -.2327877
    2002.80   .151551   .165804  -.2429725
    2002.85   .084865   .146837  -.2549716
    2002.90   .022450   .142124  -.2612171
    2002.95  -.038228   .154264  -.2767537
    2003.00  -.087743   .187387  -.2892390
    2003.05  -.127578   .228891  -.2995032
    2003.10  -.147530   .278647  -.3078795
    2003.15  -.154775   .332102  -.3201905
    2003.20  -.157108   .383491  -.3285379
    2003.25  -.131007   .438825  -.3439523
    2003.30  -.094644   .486399  -.3588043
    2003.35  -.043183   .522695  -.3638535
    2003.40   .001931   .541957  -.3745652
    2003.45   .062632   .546600  -.3752839
    2003.50   .135203   .538240  -.3661265
    2003.55   .191134   .509318  -.3577046
    2003.60   .232086   .463954  -.3537978
    2003.65   .259508   .415127  -.3494880
    2003.70   .264299   .356543  -.3529986
    2003.75   .257771   .302232  -.3575570
    2003.80   .226130   .250158  -.3628298
    2003.85   .195950   .207643  -.3728456
    2003.90   .147593   .174905  -.3807556
    2003.95   .087282   .158884  -.3820300
    2004.00   .031246   .153785  -.3896036
    2004.05  -.014033   .166554  -.3994989
    2004.10  -.057805   .191331  -.4041551
    2004.15  -.101004   .228144  -.4153922
    2004.20  -.126021   .268583  -.4225892
    2004.25  -.140343   .321451  -.4338646
    2004.30  -.132911   .375713  -.4512439
    2004.35  -.112725   .423506  -.4596331
    2004.40  -.090722   .458455  -.4683249
